["Score", "Readability"],
[10,47.83],
[7,47.83],
[9,47.83],
[407,127.22],
[411,127.22],
[6,106.00],
[7,106.00],
[8,106.00],
[549,90.09],
[551,90.09],
[555,90.09],
[192,63.31],
[193,63.31],
[119,128.65],
[-7,78.87],
[-9,78.87],
[839,36.72],
[841,36.72],
[4,139.33],
[63,61.32],
[64,61.32],
[66,61.32],
[-10,122.15],
[-8,122.15],
[-9,122.15],
[1442,55.68],
[1446,55.68],
[1447,55.68],
[54,85.31],
[55,85.31],
[56,85.31],
[58,46.84],
[61,46.84],
[62,46.84],
[92,41.67],
[94,41.67],
[64,56.25],
[68,56.25],
[69,56.25],
[3,48.55],
[5,38.81],
[3,13.50],
[6,13.50],
[7,13.50],
[145,139.33],
[148,139.33],
[463,78.81],
[466,78.81],
[469,78.81],
[3,34.41],
[4,34.41],
[243,36.82],
[248,36.82],
[4,40.61],
[5,40.61],
[22,25.08],
[23,25.08],
[30,17.05],
[34,17.05],
[36,17.05],
[10,10.59],
[12,10.59],
[4,46.95],
[7,46.95],
[10,15.73],
[9,15.73],
[3,49.48],
[5,49.48],
[18,64.66],
[20,64.66],
[22,64.66],
[18,36.86],
[4,69.79],
[6,69.79],
[8,69.79],
[48,35.62],
[50,35.62],
[28,67.33],
[29,67.33],
[129,50.60],
[132,50.60],
[133,50.60],
[6,68.07],
[7,68.07],
[4,108.37],
[6,108.37],
[3,12.19],
[4,12.19],
[89,16.09],
[92,16.09],
[5,34.73],
[6,34.73],
[11,40.78],
[12,40.78],
[13,40.78],
[11,15.40],
[13,15.40],
[14,15.40],
[3,24.92],
[4,52.91],
[4,36.13],
[3,78.38],
[4,78.38],
[18,56.80],
[19,56.80],
[20,56.80],
[3,74.27],
[4,74.27],
[14,74.27],
[15,74.27],
[16,74.27],
[3,52.58],
[4,52.58],
[363,139.33],
[365,139.33],
[369,139.33],
[-3,31.65],
[38,63.87],
[41,63.87],
[4,35.43],
[14,33.48],
[15,33.48],
[46,63.00],
[47,63.00],
[3,44.81],
[6,24.65],
[8,24.65],
[9,24.65],
[3,33.19],
[6,36.80],
[20,27.84],
[23,27.84],
[10,9.32],
[8,9.32],
[4,25.65],
[4,52.87],
[6,52.87],
[8,52.87],
[3,40.29],
[4,40.29],
[3,48.81],
[-3,130.25],
[3,27.62],
[4,27.62],
[16,47.60],
[17,47.60],
[15,37.13],
[16,37.13],
[17,37.13],
[3,59.32],
[3,108.27],
[3,23.22],
[3,71.77],
[10,57.07],
[8,57.07],
[15,44.47],
[16,44.47],
[3,42.01],
[-3,66.10],
[-5,66.10],
[-3,73.17],
[63,34.98],
[66,34.98],
[35,35.46],
[37,35.46],
[39,35.46],
[3,67.09],
[5,67.09],
[3,60.58],
[3,24.84],
[3,128.59],
[4,128.59],
[3,83.01],
[3,96.11],
[3,47.83],
[3,40.46],
[3,47.22],
[4,47.22],
[4,41.24],
[5,41.24],
[7,41.24],
[5,43.72],
[6,43.72],
[4,86.71],
[5,86.71],
[4,44.97],
[3,95.17],
[3,92.97],
[4,92.97],
[4,37.54],
[1443,55.68],
[359,139.33],
[545,90.09],
[413,127.22],
[246,36.82],
[194,63.31],
[133,50.60],
[69,34.98],
[145,139.33],
[20,27.84],
[468,78.81],
[19,56.80],
[118,128.65],
[94,16.09],
[36,17.05],
[58,46.84],
[42,63.00],
[94,41.67],
[16,33.48],
[841,36.72],
[21,25.08],
[50,35.62],
[38,35.46],
[9,68.07],
[9,24.65],
[28,67.33],
[16,37.13],
[15,44.47],
[12,15.40],
[67,61.32],
[6,36.80],
[7,52.87],
[6,43.72],
[37,63.87],
[5,41.24],
[18,64.66],
[66,56.25],
[14,74.27],
[20,36.86],
[3,25.65],
[4,40.29],
[3,47.22],
[6,86.71],
[4,44.97],
[4,92.97],
[3,37.54],
[12,40.78],
[11,15.73],
[52,85.31],
[5,69.79],
[3,44.81],
[3,48.81],
[3,71.77],
[3,42.01],
[3,60.58],
[3,83.01],
[3,96.11],
[3,47.83],
[3,40.46],
[3,95.17],
[13,47.60],
[12,10.59],
[7,9.32],
[9,57.07],
[9,47.83],
[4,46.95],
[4,34.73],
[5,36.13],
[7,106.00],
[4,38.81],
[4,24.84],
[5,52.91],
[3,74.27],
[5,128.59],
[5,48.55],
[3,49.48],
[3,23.22],
[4,67.09],
[3,13.50],
[3,40.61],
[3,78.38],
[4,18.44],
[3,52.58],
[3,33.19],
[-4,73.17],
[-3,45.26],
[-7,78.87],
[-9,122.15],
[-3,66.10],
[1454,55.68],
[364,139.33],
[555,90.09],
[411,127.22],
[246,36.82],
[194,63.31],
[133,50.60],
[69,34.98],
[144,139.33],
[20,27.84],
[471,78.81],
[19,56.80],
[119,128.65],
[89,16.09],
[58,46.84],
[31,17.05],
[45,63.00],
[92,41.67],
[15,33.48],
[844,36.72],
[23,25.08],
[50,35.62],
[38,35.46],
[10,68.07],
[8,24.65],
[29,67.33],
[15,37.13],
[15,44.47],
[11,15.40],
[65,61.32],
[7,36.80],
[7,52.87],
[6,43.72],
[40,63.87],
[6,41.24],
[5,37.54],
[21,64.66],
[69,56.25],
[13,74.27],
[18,36.86],
[3,40.29],
[3,47.22],
[6,86.71],
[4,44.97],
[4,92.97],
[13,40.78],
[8,15.73],
[52,85.31],
[8,69.79],
[3,44.81],
[3,48.81],
[3,71.77],
[3,42.01],
[3,60.58],
[3,83.01],
[3,96.11],
[3,47.83],
[3,40.46],
[3,95.17],
[3,61.91],
[17,47.60],
[8,10.59],
[8,9.32],
[9,57.07],
[8,47.83],
[7,46.95],
[4,108.37],
[7,34.73],
[5,36.13],
[8,106.00],
[4,38.81],
[4,35.43],
[4,52.91],
[5,128.59],
[3,34.41],
[3,49.48],
[3,12.19],
[4,23.22],
[4,67.09],
[4,40.61],
[3,13.50],
[3,139.33],
[3,33.19],
[-3,123.93],
[-3,73.17],
[-9,122.15],
[-4,130.25],
[-8,78.87],
[-5,66.10],
[-3,151.00],
