["Score", "Readability"],
[3,83.25],
[28,70.51],
[4,78.77],
[5,98.68],
[11,67.88],
[3,79.35],
[-8,139.30],
[-12,71.82],
[7,66.82],
[3,58.25],
[13,55.27],
[3,58.55],
[10,76.55],
[5,117.16],
[4,43.94],
[4,68.94],
[9,89.52],
[7,86.70],
[4,73.78],
[3,96.11],
[11,124.69],
[3,97.03],
[24,74.33],
[7,51.56],
[5,89.52],
[3,92.97],
[3,100.24],
[8,100.24],
[134,82.39],
[15,73.85],
[5,155.11],
[4,109.13],
[3,74.76],
[207,49.04],
[-27,40.78],
[29,95.00],
[5,82.39],
[8,44.38],
[7,62.62],
[3,59.75],
[3,124.69],
[5,137.47],
[5,130.25],
[5,93.54],
[3,74.86],
[62,119.62],
[3,120.55],
[3,117.16],
[-3,65.30],
[18,71.82],
[113,83.09],
[3,78.25],
[8,52.70],
[-3,108.98],
[-3,87.28],
[7,68.77],
[3,94.30],
[3,101.27],
[4,91.81],
[4,66.37],
[3,102.05],
[3,6.39],
[22,102.78],
[4,125.62],
[26,92.97],
[4,89.81],
[55,105.88],
[3,75.50],
[3,122.50],
[-3,73.85],
[9,145.87],
[3,100.24],
[3,-2.27],
[17,56.77],
[4,41.02],
[89,63.86],
[125,89.60],
[15,83.10],
[12,82.39],
[35,151.39],
[8,74.71],
[15,26.41],
[23,108.96],
[21,45.80],
[5,108.27],
[6,80.31],
[9,145.84],
[4,66.45],
[4,74.75],
[28,89.09],
[7,65.98],
[3,127.22],
[3,62.14],
[3,60.06],
[3,97.00],
[3,47.30],
[3,64.92],
[6,128.75],
[3,63.61],
[4,144.35],
[3,142.85],
[4,88.49],
[4,82.48],
[3,66.44],
[3,86.71],
[3,52.00],
[3,69.60],
[3,87.87],
[3,52.87],
[3,63.70],
[37,31.67],
[615,29.95],
[40,123.20],
[27,30.82],
[384,63.57],
[6,139.33],
[74,97.03],
[15,35.79],
[42,108.70],
[14,81.24],
[4,63.26],
[4,105.09],
[21,43.87],
[16,82.79],
[77,127.07],
[3,74.98],
[3,131.90],
[3,77.65],
[3,50.47],
[3,49.91],
[7,51.71],
[5,88.00],
[5,30.33],
[9,62.79],
[4,90.99],
[5,129.00],
[3,85.89],
[6,46.69],
[6,108.83],
[8,139.33],
[3,127.07],
[3,59.07],
[4,139.33],
[5,66.37],
[3,84.92],
[3,85.89],
[-3,21.50],
[-3,60.23],
[-5,84.81],
[-3,69.46],
[-5,74.24],
[-7,139.33],
[-4,139.33],
[-3,66.40],
[-3,57.05],
[-3,84.90],
[-3,91.78],
[-8,134.08],
[27,98.90],
[6,124.34],
[3,37.12],
[3,15.47],
[3,134.31],
[3,13.36],
