[[65,48.14],
[66,48.14],
[14,25.21],
[15,25.21],
[29,50.12],
[678,29.12],
[5,15.97],
[6,15.97],
[6,15.62],
[7,15.62],
[8,3.95],
[9,3.95],
[7,31.62],
[9,80.44],
[17,40.57],
[11,27.74],
[4,44.27],
[-10,139.33],
[-11,139.33],
[3,21.20],
[4,21.20],
[231,0.09],
[254,0.09],
[3,42.02],
[5,42.02],
[322,21.99],
[378,21.99],
[15,13.32],
[17,13.32],
[55,44.43],
[58,44.43],
[4,64.40],
[16,43.24],
[10,10.28],
[8,10.28],
[10,49.87],
[11,49.87],
[3,37.54],
[5,55.44],
[4,38.31],
[3,39.59],
[4,14.22],
[4,48.89],
[8,34.64],
[4,24.56],
[-4,52.49],
[36,3.04],
[59,3.04],
[6,27.98],
[3,46.15],
[10,24.70],
[8,24.70],
[6,5.14],
[4,43.75],
[-3,139.33],
[5,53.46],
[3,23.77],
[7,29.73],
[4,3.19],
[4,29.11],
[-6,32.15],
[-3,42.05],
[4,12.58],
[3,10.54],
[4,62.96],
[12,58.38],
[50,15.87],
[9,15.87],
[10,43.74],
[6,22.11],
[8,22.11],
[20,37.12],
[5,37.12],
[72,-2.77],
[9,49.02],
[17,26.07],
[20,36.53],
[38,13.78],
[7,26.37],
[6,29.35],
[5,2.35],
[10,20.09],
[4,1.19],
[11,11.03],
[8,6.63],
[72,36.26],
[13,30.01],
[4,48.51],
[7,23.08],
[17,40.87],
[-3,45.82],
[9,66.27],
[7,34.69],
[226,-4.87],
[46,25.80],
[21,50.65],
[7,59.36],
[3,34.35],
[55,47.53],
[6,54.56],
[93,54.99],
[6,31.99],
[11,44.08],
[20,27.33],
[19,37.89],
[41,38.03],
[17,53.52],
[12,32.11],
[4,28.91],
[5,30.61],
[14,49.85],
[8,57.73],
[7,77.40],
[3,23.13],
[3,37.72],
[4,32.00],
[7,58.53],
[3,41.09],
[11,26.47],
[5,37.79],
[3,29.41],
[6,50.39],
[4,33.83],
[559,42.46],
[922,27.25],
[52,139.33],
[15,43.60],
[25,139.33],
[9,139.33],
[9,34.98],
[4,139.33],
[4,139.33],
[-10,139.33],
[-4,139.33],
[-10,12.68],
[51,13.40],
[15,18.92],
[3,64.92],
[3,32.43],
[14,40.46],
[12,8.49],
[4,63.49],
[30,23.15],
[24,20.86],
[3,21.57],
[11,44.80],
[12,37.05],
[5,39.02],
[6,43.86],
[5,27.62],
[7,28.21],
[25,80.47],
[14,43.97],
[6,45.32],
[4,66.52],
[3,24.97],
],

