[[86,124.69],
[4,135.27],
[4,130.25],
[6,90.13],
[11,109.96],
[32,76.97],
[13,97.17],
[3,130.25],
[3,139.30],
[16,115.64],
[19,111.07],
[84,151.00],
[13,89.59],
[-6,139.33],
[435,77.81],
[9,95.95],
[3,68.09],
[6,114.12],
[20,147.39],
[11,108.27],
[58,104.05],
[27,49.19],
[11,109.13],
[12,74.86],
[12,39.52],
[26,103.62],
[4,95.73],
[6,127.22],
[6,80.31],
[6,103.38],
[6,88.92],
[3,95.00],
[10,23.77],
[-4,125.62],
[16,160.48],
[10,60.19],
[3,130.78],
[601,76.23],
[23,158.44],
[3,56.25],
[3,60.48],
[4,117.16],
[10,91.60],
[4,151.00],
[-30,97.00],
[-40,107.10],
[5,141.76],
[-20,65.80],
[-51,63.77],
[11,103.70],
[11,131.90],
[-26,92.06],
[77,72.74],
[89,63.70],
[3,90.38],
[7,81.55],
[45,130.77],
[19,119.19],
[3,144.35],
[9,141.30],
[36,111.52],
[4,118.18],
[9,111.51],
[6,102.53],
[3,118.68],
[-9,77.10],
[11,108.70],
[5,83.01],
[3,158.44],
[189,82.31],
[346,66.37],
[100,117.67],
[5,67.66],
[8,113.09],
[3,123.20],
[13,113.10],
[20,95.00],
[-30,131.90],
[5,74.86],
[21,116.82],
[3,141.36],
[3,103.04],
[64,95.17],
[23,81.86],
[3,75.12],
[29,90.26],
[10,90.09],
[4,113.10],
[43,26.47],
[5,73.78],
[10,78.92],
[10,68.82],
[11,114.62],
[28,85.38],
[376,97.05],
[227,102.05],
[3,124.69],
[4,144.35],
[3,85.16],
[4,74.79],
[3,141.83],
[10,135.27],
[5,111.75],
[30,83.01],
[19,94.32],
[8,100.55],
[51,53.64],
[6,147.39],
[54,103.38],
[5,140.68],
[7,81.20],
[10,76.95],
[-4,151.39],
[10,75.85],
[40,70.31],
[3,122.50],
[6,63.81],
[8,139.30],
[6,127.22],
[3,80.50],
[-31,98.68],
[3,160.48],
[8,160.48],
[5,73.17],
[5,83.78],
[3,151.00],
[3,160.48],
[-6,120.41],
[20,87.87],
[-22,66.10],
[5,47.24],
[14,80.44],
[-8,130.25],
[-5,68.94],
[765,72.95],
[16,111.24],
[3,139.30],
[4,100.24],
[4,137.46],
[107,80.78],
[16,126.45],
[25,81.86],
[110,92.97],
[27,120.55],
[163,151.39],
[4,95.73],
[7,106.25],
[3,118.68],
[5,76.55],
[17,83.01],
[3,172.55],
[23,53.71],
[10,89.61],
[3,103.38],
[49,79.25],
[12,103.04],
[14,111.07],
[59,96.01],
[-10,160.48],
[10,90.26],
[-39,116.57],
[4,141.30],
[33,99.40],
[-5,77.91],
[3,116.15],
[68,99.06],
[-3,109.09],
[4,67.72],
[-9,130.25],
[-10,59.64],
[3,84.01],
[-38,117.11],
[25,35.61],
[5,79.35],
[5,98.68],
[5,136.47],
[43,144.35],
[-25,86.71],
[5,127.22],
[9,139.30],
[11,117.16],
[3,162.50],
[8,103.54],
[4,147.39],
[-6,111.07],
[6,131.95],
[7,102.05],
[23,141.30],
[105,83.25],
[4,170.46],
[3,54.45],
[19,52.02],
[6,134.08],
[3,85.41],
[4,128.75],
[3,95.95],
[5,139.31],
[16,105.41],
[-14,96.29],
[28,99.74],
[3,109.09],
[-20,139.33],
[9,66.40],
[5,118.18],
[5,93.80],
[3,89.47],
[5,78.20],
[4,124.69],
[7,68.77],
[3,130.25],
[7,90.09],
[-16,122.50],
[30,108.51],
[26,96.45],
[-4,65.30],
[27,83.01],
[3,88.83],
[-3,124.69],
[3,95.67],
[-3,92.17],
[7,72.51],
[4,88.11],
[9,79.09],
[3,73.14],
[4,108.03],
[36,88.55],
[25,117.16],
[21,123.93],
[31,86.42],
[13,65.35],
[3,110.55],
[6,141.30],
[-16,144.63],
[6,124.69],
[3,109.10],
[3,82.39],
[3,108.96],
[27,71.54],
[-3,83.85],
[5,45.21],
[3,102.45],
[3,95.94],
[3,85.86],
[5,67.49],
[-17,89.61],
[40,60.01],
[10,56.26],
[-3,50.96],
[3,91.57],
[4,120.21],
[-3,87.41],
[4,106.60],
[10,103.04],
[4,98.25],
[15,114.93],
[41,111.51],
[5,120.55],
[14,131.90],
[5,103.01],
[1622,156.42],
[52,135.27],
[4,167.92],
[14,68.94],
[6,130.25],
[3,87.37],
[6,54.61],
[108,60.35],
[129,131.21],
[3,88.06],
[13,100.07],
[5,137.47],
[80,117.16],
[164,122.11],
[30,70.67],
[43,95.95],
[14,123.20],
[-3,139.33],
[18,130.25],
[26,94.60],
[65,75.57],
[134,131.90],
[14,80.55],
[71,97.70],
[14,52.60],
[52,95.69],
[37,113.10],
[7,95.95],
[11,117.67],
[4,127.22],
[9,129.35],
[16,127.22],
[17,160.48],
[-10,118.18],
[5,83.32],
[12,127.22],
[4,49.13],
[27,76.50],
[9,71.82],
[-3,103.38],
[4,109.63],
[5,60.77],
[9,100.55],
[48,103.38],
[7,107.01],
[17,122.50],
[74,160.48],
[4,41.10],
[3,85.07],
[5,118.76],
[3,102.78],
[14,122.50],
[7,90.33],
[6,161.49],
[4,89.86],
[3,64.83],
[8,158.44],
[3,63.49],
[3,75.88],
[2070,62.11],
[5,123.93],
[10,118.43],
[5,86.42],
[195,107.31],
[3,90.65],
[6,88.91],
[5,108.67],
[4,115.13],
[13,87.68],
[9,109.04],
[6,113.93],
[5,78.11],
[6,83.85],
[32,48.01],
[3,140.44],
[278,109.13],
[3,103.54],
[3,90.99],
[20,22.55],
[4,86.71],
[6,55.41],
[11,51.15],
[51,126.45],
[4,94.30],
[6,84.47],
[5,84.34],
[24,85.89],
[345,99.06],
[15,93.54],
[212,76.27],
[4,120.55],
[8,24.48],
[13,107.60],
[19,103.04],
[3,68.15],
[7,63.61],
[15,163.01],
[4,103.70],
[25,115.13],
[20,94.78],
[11,59.63],
[37,117.11],
[-4,170.46],
[5,103.34],
[4,131.90],
[4,77.23],
[5,110.88],
[9,64.92],
[4,74.06],
[5,79.21],
[-9,102.05],
[188,139.30],
[7,106.60],
[71,142.85],
[54,86.45],
[41,47.83],
[70,111.28],
[-10,115.13],
[7,134.08],
[518,130.25],
[13,184.67],
[7,126.20],
[11,80.47],
[3,175.56],
[144,160.48],
[3,126.45],
[4,120.26],
[6,76.56],
[30,99.49],
[28,103.38],
[14,82.43],
[5,145.84],
[3,95.73],
[27,72.05],
[-9,118.18],
[26,47.56],
[4,105.57],
[8,109.09],
[3,83.01],
[3,77.37],
[5,63.70],
[3,96.02],
[8,98.25],
[5,86.62],
[3,71.78],
[3,183.66],
[8,97.03],
[3,84.52],
[3,83.89],
[5,60.28],
[13,86.71],
[28,101.98],
[-5,139.33],
[14,71.77],
[5,94.30],
[-9,167.92],
[3,95.00],
[7,80.59],
[109,124.69],
[3,90.99],
[-11,86.17],
[3,86.45],
[3,118.18],
[16,83.75],
[147,70.65],
[7,124.34],
[48,126.45],
[-3,114.12],
[13,80.47],
[38,134.08],
[5,127.07],
[-6,53.47],
[5,109.13],
[19,76.23],
[3,80.25],
[3,61.52],
[3,82.13],
[206,-7.71],
[4,119.60],
[80,71.49],
[12,74.27],
[4,80.79],
[8,108.96],
[10,69.36],
[3,114.07],
[5,115.13],
[6,93.47],
[3,151.39],
[8,90.29],
[4,73.25],
[3,160.48],
[9,72.72],
[3,112.09],
[3,63.76],
[5,92.91],
[3,103.87],
[28,130.25],
[5,160.48],
[7,103.65],
[7,71.07],
[5,78.33],
[13,77.34],
[5,103.38],
[58,60.17],
[3,110.06],
[3,72.51],
[3,118.18],
[17,69.14],
[9,147.39],
[3,82.17],
[3,113.10],
[5,95.67],
[19,127.22],
[3,129.00],
[8,108.27],
[8,118.85],
[3,62.22],
[4,118.68],
[3,106.25],
[8,80.79],
[9,117.67],
[3,139.30],
[41,85.86],
[3,94.30],
[5,138.31],
[3,76.75],
[3,120.55],
[12,118.58],
[9,61.51],
[5,93.70],
[3,120.50],
[3,87.95],
[16,124.69],
[4,122.50],
[4,95.69],
[4,96.02],
[3,67.91],
[3,124.73],
[6,118.68],
[21,111.07],
[15,115.55],
[3,102.05],
[5,116.65],
[3,114.62],
[16,102.53],
[14,78.25],
[4,83.38],
[20,56.25],
[38,95.46],
[4,181.62],
[36,55.98],
[6,102.53],
[13,8.56],
[13,49.83],
[4,167.92],
[3,84.45],
[9,103.04],
[64,83.16],
[-3,54.61],
[51,34.39],
[15,49.71],
[4,106.60],
[4,113.10],
[4,103.70],
[3,71.77],
[3,108.85],
[3,81.86],
[10,108.96],
[-5,78.25],
[5,71.31],
[3,134.08],
[4,129.00],
[3,61.45],
[5,75.14],
[12,100.24],
[3,57.17],
[13,118.18],
[108,89.47],
[3,101.98],
[3,98.87],
[26,89.47],
[314,115.55],
[23,175.56],
[3,95.85],
[10,54.73],
[71,103.54],
[4,134.08],
[125,112.76],
[3,78.72],
[6,106.60],
[23,106.00],
[4,89.61],
[3,92.73],
[7,153.54],
[-4,80.09],
[3,114.07],
[-3,144.35],
[3,89.52],
[3,89.52],
[12,100.24],
[9,78.36],
[248,73.38],
[3,78.77],
[2393,77.81],
[223,21.32],
[3,111.07],
[3,106.60],
[5,102.53],
[4,90.96],
[4,3.88],
[3,86.71],
[4,92.97],
[3,65.75],
[4,17.33],
[4,83.32],
[23,128.75],
[557,100.71],
[49,167.92],
[3,102.45],
[127,118.85],
[4,69.79],
[96,102.62],
[199,119.19],
[15,93.70],
[72,117.11],
[3,95.00],
[86,63.02],
[3,120.55],
[-9,91.43],
[303,85.07],
[151,48.34],
[8,71.82],
[71,130.11],
[25,129.00],
[4,139.30],
[3,113.10],
[25,106.39],
[3,115.13],
[-3,69.50],
[5,121.22],
[34,156.72],
[239,24.13],
[85,127.22],
[189,73.41],
[20,107.22],
[10,-8.14],
[3,107.01],
[68,103.04],
[192,88.68],
[3,86.42],
[16,81.14],
[9,97.70],
[51,77.41],
[7,124.69],
[39,52.55],
[8,75.59],
[7,129.00],
[8,83.58],
[9,51.48],
[3,57.16],
[7,73.17],
[11,76.59],
[20,74.04],
[4,90.33],
[3,73.48],
[3,113.10],
[10,158.44],
[21,62.76],
[4,108.83],
[3,80.31],
[47,91.78],
[16,90.96],
[4,160.48],
[9,110.55],
[5,88.91],
[100,95.73],
[15,103.54],
[81,158.44],
[4,167.92],
[76,28.84],
[20,106.90],
[9,127.22],
[3,59.63],
[3,131.90],
[7,118.76],
[-18,109.13],
[6,103.54],
[62,107.01],
[10,36.11],
[3,124.69],
[3,130.25],
[3,91.75],
[22,75.14],
[9,109.63],
[8,181.62],
[4,67.53],
[14,90.96],
[7,77.91],
[3,20.66],
[3,85.25],
[8,100.24],
[6,78.81],
[156,98.97],
[7,151.00],
[4,53.07],
[18,145.93],
[5,202.78],
[3,139.30],
[4,118.29],
[49,108.27],
[18,70.51],
[3,106.83],
[4,86.71],
[-25,78.87],
[92,83.32],
[13,70.34],
[6,2.10],
[5,114.12],
[7,135.38],
[120,127.22],
[4,83.75],
[1750,122.50],
[109,87.95],
[70,77.63],
[213,83.75],
[666,83.25],
[24,81.21],
[-45,111.07],
[5,139.30],
[3,114.12],
[4,70.37],
[3,124.34],
[4,82.93],
[33,78.92],
[21,76.55],
[7,151.00],
[4,56.76],
[25,76.28],
[26,112.14],
[15,65.67],
[-4,66.21],
[3,87.75],
[4,97.00],
[4,181.62],
[10,95.42],
[8,90.96],
[-4,57.52],
[8,92.21],
[15,95.73],
[186,81.79],
[6,103.62],
[23,134.83],
[224,80.69],
[39,114.12],
[7,73.20],
[3,49.30],
[1252,120.21],
[5,94.32],
[6,74.04],
[13,69.78],
[23,139.33],
[-5,46.59],
[5,36.19],
[4,118.76],
[124,115.64],
[4,65.01],
[-41,99.49],
[4,103.04],
[9,108.83],
[3,151.00],
[71,81.93],
[5,83.01],
[27,112.11],
[5,94.48],
[-3,106.60],
[18,85.89],
[96,114.12],
[6,145.84],
[27,75.41],
[10,116.15],
[3,92.97],
[51,108.51],
[12,80.31],
[-5,5.38],
[25,139.30],
[3,141.30],
[6,114.12],
[8,87.87],
[15,100.24],
[3,70.67],
[3,81.86],
[3,122.06],
[3,100.24],
[6,93.58],
[3,74.81],
[18,103.21],
[10,90.99],
[11,158.44],
[5,181.62],
[9,44.05],
[6,103.04],
[3,123.20],
[343,61.24],
[4,89.86],
[6,69.59],
[3,101.51],
[3,100.24],
[95,75.94],
[10,84.77],
[6,95.53],
[21,108.14],
[3,85.86],
[3,113.10],
[21,64.09],
[3,42.49],
[18,167.92],
[94,94.99],
[4,118.76],
[7,100.07],
[169,100.07],
[30,113.10],
[16,95.17],
[52,92.97],
[23,103.54],
[6,127.22],
[4,91.43],
[3,114.12],
[78,61.85],
[3,84.52],
[3,103.62],
[3,80.78],
[3,139.33],
[14,71.82],
[15,118.76],
[11,102.53],
[3,114.12],
[16,99.40],
[5,56.25],
[4,126.45],
[3,108.70],
[10,95.17],
[50,111.07],
[44,129.00],
[4,98.87],
[4,167.92],
[6,108.27],
[4,73.30],
[5,72.44],
[5,99.27],
[3,116.48],
[80,103.70],
[5,117.16],
[13,99.40],
[9,102.62],
[8,69.63],
[3,101.98],
[14,90.96],
[4,114.12],
[3,45.70],
[33,104.95],
[-5,120.55],
[3,92.43],
[-6,82.90],
[6,118.68],
[4,122.80],
[8,102.08],
[48,108.63],
[3,76.16],
[-4,78.20],
[4,98.25],
[-5,87.68],
[-5,139.33],
[70,95.94],
[3,127.22],
[4,177.62],
[6,101.26],
[4,183.66],
[19,103.62],
[3,102.62],
[5,78.87],
[55,80.20],
[1348,56.32],
[4,116.65],
[11,100.07],
[9,82.28],
[4,90.32],
[4,104.06],
[6,139.33],
[3,78.67],
[738,79.27],
[164,73.98],
[10,61.74],
[3,92.17],
[96,111.28],
[55,59.75],
[3,57.13],
[14,48.90],
[3,111.13],
[6,130.77],
[6,-7.67],
[3,42.47],
[4,118.18],
[13,99.06],
[16,90.22],
[18,88.73],
[3,99.06],
[3,35.81],
[4,158.44],
[4,65.73],
[5,97.03],
[4,97.00],
[4,80.07],
[3,151.00],
[4,108.67],
[10,81.86],
[3,87.95],
[25,95.94],
[4,88.27],
[12,103.65],
[3,95.95],
[3,98.25],
[4,82.03],
[3,129.00],
[-9,170.46],
[3,88.00],
[26,105.36],
[5,114.12],
[3,92.63],
[23,74.19],
[3,125.62],
[23,71.16],
[18,80.10],
[5,95.61],
[3,71.93],
[3,86.97],
[3,86.88],
[-5,77.68],
[4,125.90],
[3,136.47],
[191,139.33],
[611,115.64],
[235,83.01],
[91,75.88],
[48,139.30],
[131,78.77],
[26,108.27],
[18,77.22],
[10,108.98],
[10,117.16],
[9,77.91],
[10,96.11],
[8,94.78],
[6,92.97],
[5,45.22],
[3,181.62],
[4,98.31],
[5,115.13],
[4,73.17],
[3,101.27],
[6,181.62],
[6,184.67],
[5,80.10],
[17,79.62],
[4,85.38],
[4,139.73],
[3,188.65],
[4,78.92],
[4,50.21],
[-5,88.91],
[-14,100.24],
[-3,128.65],
[1644,18.39],
[240,80.78],
[53,118.18],
[38,94.99],
[80,97.03],
[165,104.05],
[21,139.30],
[393,93.70],
[36,12.59],
[15,151.39],
[8,108.14],
[6,128.75],
[12,163.47],
[5,96.02],
[5,90.38],
[5,87.19],
[27,53.90],
[4,103.04],
[4,92.17],
[4,103.04],
[4,117.67],
[4,115.64],
[8,132.90],
[4,120.11],
[3,73.41],
[3,87.95],
[4,87.21],
[3,131.90],
[3,100.02],
[3,56.25],
[4,107.33],
[3,130.25],
[3,111.07],
[4,131.90],
[15,149.22],
[4,77.91],
[5,114.12],
[3,144.35],
[5,89.73],
[3,128.75],
[4,117.16],
[-3,124.69],
[-3,149.90],
[-5,160.48],
[-5,61.05],
[1197,80.31],
[164,66.37],
[612,92.97],
[208,93.70],
[575,66.87],
[73,56.70],
[51,72.83],
[70,80.20],
[15,135.27],
[10,127.07],
[9,71.82],
[41,53.86],
[20,117.16],
[9,85.89],
[8,112.94],
[8,99.74],
[34,115.13],
[7,63.60],
[6,105.41],
[5,69.79],
[5,124.69],
[23,81.26],
[4,106.60],
[5,100.24],
[4,101.27],
[3,108.70],
[8,88.83],
[3,60.74],
[3,116.32],
[3,86.71],
[3,83.85],
[3,85.89],
[3,78.81],
[4,62.82],
[3,84.15],
[3,73.93],
[5,57.23],
[8,72.83],
[6,128.75],
[3,86.60],
[3,94.82],
[3,73.85],
[4,112.09],
[3,95.94],
[3,72.63],
[-3,139.33],
[-4,68.07],
[-4,49.30],
[-8,139.33],
[-3,144.35],
[-3,67.74],
[-3,88.47],
[-4,83.01],
[509,117.16],
[121,81.16],
[270,103.38],
[100,89.09],
[35,151.39],
[68,83.41],
[247,66.53],
[21,117.16],
[17,31.55],
[14,113.10],
[13,64.15],
[9,108.70],
[6,160.48],
[7,111.07],
[6,103.70],
[7,134.08],
[6,131.54],
[38,96.01],
[9,139.30],
[4,103.70],
[5,151.39],
[5,167.03],
[6,71.52],
[4,103.70],
[4,45.62],
[4,148.41],
[3,160.48],
[4,103.04],
[3,91.43],
[6,61.36],
[3,127.22],
[3,63.70],
[3,128.75],
[178,100.02],
[442,103.62],
[127,78.01],
[22,97.34],
[42,66.79],
[257,34.38],
[18,73.22],
[38,103.26],
[17,51.28],
[16,62.45],
[28,103.04],
[9,90.09],
[11,98.00],
[8,46.12],
[8,83.85],
[6,122.15],
[16,110.55],
[9,98.19],
[5,108.37],
[4,112.09],
[5,99.40],
[5,66.68],
[4,92.69],
[4,90.09],
[6,103.34],
[3,71.58],
[4,115.13],
[3,96.43],
[3,57.07],
[3,3.99],
[3,103.54],
[3,67.53],
[3,74.24],
[3,83.01],
[3,90.94],
[16,71.82],
[6,78.95],
[3,107.01],
[3,149.90],
[4,97.00],
[-6,57.36],
[-7,39.60],
[-8,77.51],
[-3,7.00],
[37,122.50],
[15,141.30],
[7,137.30],
[4,113.10],
[4,139.30],
[3,97.34],
[3,101.55],
[3,87.95],
[136,116.15],
[60,74.52],
[61,116.82],
[47,90.96],
[40,127.22],
[41,75.42],
[36,108.96],
[8,102.53],
[6,135.27],
[6,92.97],
[4,68.69],
[4,130.25],
[3,148.91],
[29,160.48],
[5,120.21],
[5,74.92],
[5,67.33],
[30,99.78],
[46,89.61],
[13,136.47],
[11,76.69],
[7,144.35],
[6,90.38],
[6,137.89],
[6,72.33],
[7,81.24],
[3,111.07],
[3,115.13],
[3,92.55],
[3,106.25],
[3,82.71],
[4,136.47],
[-3,112.09],
[59,84.81],
[6,76.59],
[12,54.73],
[5,110.59],
[27,72.86],
[14,43.37],
[5,84.52],
[3,87.08],
[4,78.25],
[4,151.39],
[3,103.01],
[3,68.98],
[3,35.31],
[-10,74.66],
[-22,139.33],
[-9,139.33],
[-13,106.16],
[-8,49.42],
[-7,122.50],
[39,98.25],
[48,102.31],
[14,80.78],
[9,133.29],
[10,86.71],
[7,69.78],
[7,103.70],
[5,108.98],
[5,15.47],
[19,117.16],
[6,119.13],
[4,134.08],
[3,78.63],
[3,76.55],
[3,65.02],
[4,109.79],
[3,134.08],
[3,161.49],
[3,118.18],
[-5,93.58],
[102,14.27],
[23,109.09],
[15,53.70],
[14,151.00],
[10,102.05],
[7,95.00],
[7,48.30],
[4,95.17],
[4,145.84],
[7,66.53],
[72,116.65],
[45,88.48],
[30,116.82],
[24,97.70],
[8,80.90],
[7,59.27],
[11,32.24],
[3,91.86],
[-13,103.54],
[21,56.04],
[14,78.55],
[10,77.10],
[6,73.41],
[5,139.33],
[4,120.13],
[4,115.13],
[3,103.04],
[9,83.38],
[7,109.09],
[4,117.84],
[3,160.48],
[6,95.95],
[4,95.17],
[3,104.82],
[-3,151.00],
[13,109.18],
[39,71.31],
[4,122.50],
[5,81.79],
[3,117.16],
[3,162.50],
[8,137.89],
[8,103.97],
[3,119.16],
[5,181.62],
[30,167.92],
[11,158.44],
[10,59.99],
[8,74.15],
[6,86.25],
[3,127.22],
[3,129.00],
[5,120.55],
[13,117.11],
[7,101.98],
[10,83.94],
[68,51.87],
[8,115.13],
[4,142.54],
[3,148.91],
[3,118.58],
[4,74.27],
[-5,163.47],
[497,124.34],
[923,120.26],
[256,121.22],
[112,60.74],
[52,68.95],
[75,87.50],
[133,78.83],
[19,139.33],
[28,73.99],
[12,87.95],
[12,97.34],
[9,95.67],
[7,128.75],
[6,116.65],
[6,116.15],
[5,86.62],
[5,78.92],
[5,68.41],
[4,57.07],
[4,82.53],
[4,100.24],
[10,100.00],
[3,79.71],
[3,95.94],
[3,158.44],
[3,66.10],
[3,125.55],
[3,99.74],
[3,99.00],
[3,114.62],
[4,122.50],
[3,116.15],
[3,94.04],
[3,57.72],
[3,99.41],
[3,116.15],
[3,-5.68],
[7,63.58],
[3,73.17],
[3,69.45],
[3,72.83],
[3,98.50],
[3,128.75],
[3,62.79],
[352,86.71],
[86,110.06],
[64,102.53],
[88,74.81],
[53,120.81],
[52,118.18],
[31,151.39],
[7,156.42],
[7,134.08],
[7,129.00],
[30,67.68],
[12,95.44],
[12,117.67],
[6,127.22],
[23,36.11],
[4,108.70],
[4,68.72],
[8,78.41],
[4,141.30],
[3,80.84],
[3,88.00],
[3,127.22],
[3,136.47],
[3,103.04],
[3,160.48],
[4,113.35],
[3,119.60],
[3,94.56],
[3,63.31],
[3,83.32],
[3,175.59],
[-11,119.19],
[169,90.96],
[103,83.16],
[45,74.86],
[109,90.13],
[15,150.70],
[12,135.27],
[10,50.38],
[7,83.01],
[6,120.11],
[3,118.29],
[8,83.75],
[5,126.10],
[3,130.77],
[-11,34.98],
[-3,33.58],
[-4,133.90],
[-12,134.08],
[540,75.04],
[518,116.15],
[66,109.09],
[51,105.09],
[86,144.35],
[39,124.16],
[145,86.71],
[43,84.90],
[46,181.62],
[16,58.73],
[10,60.95],
[13,121.12],
[4,85.01],
[5,60.01],
[18,106.00],
[8,64.37],
[5,83.80],
[4,108.78],
[11,100.96],
[3,118.18],
[4,130.77],
[3,127.22],
[4,73.89],
[3,117.16],
[3,113.10],
[3,102.62],
[3,91.78],
[10,130.77],
[8,57.86],
[4,87.41],
[3,139.33],
[5,81.77],
[3,110.50],
[-4,42.72],
[-8,125.62],
[-13,128.75],
[-6,109.10],
[94,82.35],
[130,87.95],
[50,92.97],
[16,76.95],
[12,92.97],
[11,120.55],
[11,108.27],
[28,103.34],
[7,88.59],
[7,62.82],
[8,139.33],
[7,130.77],
[4,102.05],
[-3,142.85],
[167,72.67],
[41,66.38],
[57,100.24],
[24,74.66],
[16,58.13],
[12,133.29],
[23,74.86],
[7,112.09],
[6,81.86],
[5,71.80],
[4,103.01],
[3,111.07],
[3,70.34],
[4,79.71],
[192,115.13],
[46,103.70],
[9,130.25],
[10,120.55],
[9,157.07],
[67,71.28],
[25,139.33],
[11,103.34],
[4,90.99],
[20,70.35],
[7,103.38],
[4,95.40],
[3,80.31],
[3,95.17],
[3,117.16],
[5,90.96],
[8,95.95],
[7,107.97],
[13,55.34],
[4,53.70],
[-20,95.03],
[-11,49.48],
[-7,117.84],
[-3,155.06],
[-14,88.91],
[-7,92.06],
[-4,108.27],
[-8,114.12],
[-8,58.25],
[-3,202.78],
[-19,151.00],
[-20,144.35],
[242,79.94],
[212,115.13],
[68,39.33],
[288,65.82],
[35,98.01],
[20,61.04],
[31,76.03],
[22,139.33],
[9,108.63],
[7,119.19],
[7,117.67],
[6,67.76],
[6,139.65],
[5,74.27],
[5,113.10],
[14,101.94],
[21,112.09],
[4,99.48],
[4,103.70],
[4,82.55],
[4,107.10],
[4,130.25],
[7,85.02],
[7,86.62],
[8,65.30],
[3,103.04],
[3,118.18],
[3,100.24],
[3,132.03],
[4,128.75],
[4,99.41],
[3,118.76],
[5,35.66],
[199,102.05],
[68,61.27],
[30,72.62],
[27,86.45],
[28,139.30],
[17,160.48],
[5,100.71],
[5,119.70],
[8,115.13],
[3,85.87],
[4,73.31],
[4,158.44],
[3,115.13],
[4,95.00],
[3,89.24],
[3,175.59],
[5,79.89],
[3,118.85],
[-5,104.95],
[-4,202.78],
[-4,147.39],
[49,83.38],
[22,90.13],
[16,90.96],
[38,91.74],
[9,154.94],
[7,163.47],
[4,156.42],
[4,78.25],
[4,135.27],
[7,100.07],
[3,110.55],
[3,118.85],
[4,141.83],
[3,117.50],
[6,84.52],
[24,139.33],
[58,50.29],
[38,70.30],
[6,144.35],
[9,75.99],
[9,150.70],
[11,99.23],
[4,167.92],
[33,102.05],
[4,56.32],
[3,92.86],
[3,56.80],
[-3,120.85],
[130,118.18],
[79,80.31],
[59,58.22],
[37,90.33],
[20,80.90],
[16,127.07],
[12,139.30],
[12,85.64],
[6,100.24],
[29,84.24],
[5,74.58],
[4,59.75],
[4,94.30],
[4,103.70],
[4,85.89],
[7,33.37],
[3,132.03],
[-7,61.24],
[-11,118.18],
[-12,128.75],
[-15,95.15],
[-23,76.59],
[-10,64.15],
[-31,113.10],
[-15,139.33],
[-38,139.33],
[431,67.44],
[81,56.33],
[18,94.30],
[30,135.27],
[12,69.79],
[4,119.19],
[5,81.14],
[5,55.12],
[4,106.25],
[21,95.17],
[3,111.53],
[5,118.68],
[-3,72.71],
[101,115.13],
[34,89.90],
[6,63.59],
[19,59.07],
[15,107.60],
[6,99.27],
[13,100.24],
[8,124.69],
[6,109.13],
[4,111.07],
[5,122.11],
[3,83.75],
[4,136.47],
[4,103.69],
[4,95.95],
[3,95.17],
[3,108.40],
[3,90.05],
[3,102.45],
[5,158.44],
[5,90.09],
[3,150.70],
[-5,135.27],
[191,131.90],
[49,103.34],
[19,52.52],
[11,115.13],
[50,78.81],
[5,120.21],
[3,115.13],
[3,115.13],
[3,92.97],
[-3,125.62],
[-34,77.10],
[51,56.12],
[186,62.10],
[10,73.85],
[14,63.98],
[10,117.67],
[6,111.24],
[6,59.31],
[9,71.52],
[4,74.02],
[7,81.94],
[29,103.62],
[15,93.58],
[14,103.52],
[5,100.24],
[5,145.87],
[3,117.16],
[3,117.50],
[3,59.51],
[3,86.42],
[3,98.04],
[14,94.92],
[18,82.93],
[7,96.11],
[5,73.30],
[4,88.14],
[4,83.32],
[5,202.78],
[3,118.76],
[3,96.02],
[5,106.25],
[30,13.77],
[7,99.37],
[5,52.31],
[5,108.70],
[4,67.25],
[6,103.62],
[3,135.27],
[3,108.96],
[3,48.04],
[3,119.19],
[3,84.90],
[3,130.25],
[18,95.02],
[8,124.69],
[11,77.10],
[5,113.10],
[4,90.96],
[3,161.49],
[66,147.39],
[108,100.57],
[48,45.36],
[7,77.53],
[10,103.62],
[12,133.26],
[10,124.16],
[10,77.91],
[3,131.90],
[3,62.68],
[3,78.81],
[14,130.77],
[11,90.13],
[7,84.92],
[5,151.39],
[4,105.41],
[-8,83.01],
[14,69.78],
[9,84.84],
[3,52.78],
[-3,78.18],
[33,103.04],
[13,34.84],
[5,69.23],
[3,77.91],
[5,80.10],
[2503,81.86],
[839,101.27],
[419,98.39],
[554,34.59],
[123,128.16],
[59,117.67],
[336,102.05],
[207,94.30],
[44,115.13],
[116,87.40],
[127,85.88],
[15,61.45],
[25,108.96],
[39,103.38],
[13,57.77],
[14,51.84],
[22,108.27],
[9,101.27],
[69,75.15],
[16,144.35],
[14,108.27],
[7,131.90],
[8,42.55],
[27,61.40],
[6,118.18],
[6,86.93],
[10,83.01],
[5,27.54],
[5,99.06],
[5,106.90],
[4,98.68],
[4,99.06],
[5,90.96],
[13,139.33],
[12,106.60],
[3,111.07],
[32,139.33],
[5,56.76],
[4,77.81],
[5,94.78],
[12,61.40],
[3,69.79],
[3,100.24],
[3,85.88],
[3,45.42],
[3,-6.69],
[3,112.65],
[3,122.15],
[6,109.13],
[5,163.47],
[4,156.72],
[3,55.13],
[3,75.50],
[3,135.27],
[116,117.16],
[378,53.07],
[79,86.71],
[28,90.38],
[27,73.54],
[27,93.70],
[24,84.73],
[50,85.18],
[22,118.18],
[20,89.47],
[20,78.63],
[52,83.32],
[15,117.16],
[26,52.87],
[11,102.62],
[7,78.77],
[8,108.70],
[7,76.83],
[6,78.87],
[7,94.30],
[6,108.96],
[5,105.09],
[5,77.42],
[5,72.62],
[5,79.51],
[5,118.18],
[5,116.15],
[4,86.71],
[4,80.78],
[4,89.90],
[4,122.50],
[9,74.14],
[4,103.54],
[3,73.25],
[3,100.71],
[3,118.68],
[3,69.50],
[3,95.00],
[6,91.78],
[-11,119.19],
[-20,130.25],
[-7,59.68],
[-3,108.27],
[-9,112.09],
[-6,112.09],
[-36,91.60],
[92,82.43],
[45,167.92],
[46,119.19],
[11,78.25],
[23,116.65],
[11,103.97],
[26,94.30],
[22,69.30],
[18,54.73],
[19,15.47],
[6,127.22],
[5,117.16],
[4,158.44],
[4,118.18],
[3,202.78],
[3,95.17],
[4,63.61],
[3,103.04],
[3,96.11],
[3,58.41],
[208,85.16],
[82,154.94],
[58,151.00],
[18,75.50],
[7,61.82],
[5,160.48],
[31,81.39],
[4,124.34],
[3,87.86],
[9,86.45],
[3,86.71],
[3,114.07],
[12,59.56],
[-7,122.50],
[-6,57.11],
[-9,76.97],
[20,77.81],
[15,108.27],
[23,151.93],
[19,129.00],
[10,202.78],
[6,99.53],
[7,139.30],
[5,86.29],
[8,97.03],
[6,92.97],
[3,118.68],
[4,118.76],
[3,61.78],
[-5,94.17],
[-7,113.10],
[-4,52.05],
[-6,134.08],
[15,134.08],
[5,113.10],
[5,122.50],
[4,94.30],
[7,129.35],
[4,141.30],
[3,69.30],
[3,90.05],
[43,117.11],
[27,91.17],
[16,107.07],
[8,53.39],
[7,131.46],
[5,67.10],
[5,95.44],
[23,112.93],
[12,99.37],
[7,23.77],
[6,80.31],
[21,76.89],
[9,88.59],
[8,76.59],
[4,76.56],
[3,167.92],
[3,151.00],
[3,97.03],
[27,103.38],
[14,89.59],
[13,102.84],
[6,139.30],
[4,89.25],
[4,52.87],
[3,124.34],
[3,131.90],
[6,103.38],
[3,86.71],
[44,181.62],
[32,102.05],
[19,95.95],
[9,39.53],
[4,181.62],
[5,102.05],
[44,160.48],
[7,112.09],
[6,52.27],
[6,65.25],
[3,117.67],
[3,53.64],
[3,83.32],
[3,127.07],
[3,160.48],
[8,96.02],
[3,83.32],
[3,73.76],
[5,115.55],
[10,124.34],
[19,108.27],
[9,61.78],
[6,120.26],
[4,94.30],
[3,145.84],
[-5,110.39],
[3,80.79],
[10,118.18],
[9,183.66],
[3,41.87],
[-5,49.91],
[4,124.69],
[4,139.30],
[3,108.83],
[4,141.30],
[3,75.20],
[3,70.63],
[-3,160.48],
[5,123.20],
[5,70.63],
],

