[[485,80.68],
[490,80.68],
[1488,124.69],
[1491,124.69],
[665,74.50],
[667,74.50],
[23,81.86],
[26,81.86],
[5,96.02],
[7,96.02],
[9,96.02],
[87,47.60],
[3,83.25],
[4,83.25],
[6,83.25],
[11,95.03],
[13,95.03],
[317,121.87],
[323,121.87],
[5,53.76],
[6,53.76],
[13,32.14],
[14,32.14],
[960,76.50],
[965,76.50],
[4,74.27],
[5,74.27],
[185,78.67],
[187,78.67],
[5,43.09],
[6,43.09],
[7,43.09],
[6,53.76],
[7,53.76],
[35,71.28],
[37,71.28],
[4,103.62],
[5,103.62],
[3,71.07],
[3,81.59],
[48,67.76],
[51,67.76],
[4,108.27],
[6,108.27],
[26,49.37],
[29,49.37],
[4,95.73],
[5,95.73],
[3,60.61],
[3,74.27],
[4,74.27],
[5,74.27],
[69,72.52],
[72,72.52],
[6,20.77],
[7,20.77],
[4,25.63],
[5,25.63],
[6,25.63],
[5,68.56],
[7,68.56],
[4,139.33],
[5,139.33],
[4,79.09],
[5,85.86],
[3,68.49],
[5,68.49],
[4,41.85],
[8,83.60],
[4,135.27],
[5,135.27],
[11,151.39],
[12,151.39],
[3,107.10],
[5,51.45],
[7,51.45],
[35,76.89],
[43,76.89],
[6,45.07],
[7,45.07],
[10,89.44],
[11,89.44],
[13,89.44],
[3,89.60],
[4,89.60],
[18,109.18],
[20,109.18],
[10,40.49],
[9,40.49],
[4,156.42],
[5,156.42],
[6,156.42],
[3,75.50],
[4,75.50],
[3,68.45],
[14,93.96],
[15,93.96],
[16,93.96],
[3,167.92],
[3,116.15],
[4,116.15],
[24,49.93],
[25,49.93],
[7,38.58],
[8,38.58],
[3,93.59],
[4,93.59],
[3,160.48],
[4,160.48],
[14,55.10],
[16,55.10],
[18,55.10],
[5,85.70],
[8,85.70],
[4,87.81],
[5,87.81],
[7,87.81],
[3,32.56],
[4,32.56],
[6,32.56],
[17,53.31],
[18,53.31],
[10,80.10],
[9,80.10],
[20,54.71],
[21,54.71],
[23,54.71],
[4,63.72],
[5,63.72],
[11,56.15],
[12,56.15],
[12,66.40],
[16,66.40],
[181,66.18],
[185,66.18],
[26,16.67],
[27,16.67],
[4,80.68],
[5,80.68],
[6,80.68],
[3,46.92],
[4,46.92],
[5,46.92],
[3,47.11],
[4,47.11],
[3,61.39],
[4,183.66],
[7,183.66],
[10,35.44],
[11,35.44],
[12,35.44],
[3,56.61],
[5,56.61],
[3,56.22],
[4,56.22],
[136,52.05],
[137,52.05],
[3,73.13],
[5,73.13],
[76,71.29],
[78,71.29],
[4,50.70],
[6,31.43],
[9,31.43],
[19,52.27],
[20,52.27],
[22,21.57],
[23,21.57],
[4,75.50],
[5,75.50],
[5,16.21],
[6,16.21],
[5,139.33],
[106,41.49],
[4,84.92],
[10,55.95],
[11,55.95],
[12,55.95],
[3,47.98],
[10,54.11],
[11,54.11],
[7,69.16],
[9,69.16],
[3,18.46],
[3,49.59],
[4,80.50],
[6,80.50],
[22,56.98],
[-9,88.00],
[-5,67.44],
[97,95.17],
[685,78.25],
[4,160.48],
[6,103.38],
[47,78.92],
[6,118.18],
[-3,183.66],
[177,82.43],
[7,27.26],
[76,84.84],
[4,68.10],
[12,95.69],
[3,75.14],
[11,15.31],
[86,52.56],
[4,56.99],
[9,103.34],
[9,97.70],
[69,29.00],
[6,81.86],
[6,55.41],
[8,54.70],
[6,70.14],
[18,34.59],
[3,51.30],
[29,55.18],
[5,33.98],
[-3,75.88],
[3,32.56],
[27,78.97],
[3,78.95],
[5,98.68],
[32,80.31],
[3,117.16],
[4,74.27],
[9,104.08],
[4,57.40],
[3,60.74],
[5,50.61],
[4,125.62],
[3,87.06],
[4,62.88],
[11,56.13],
[3,40.61],
[446,129.00],
[336,58.02],
[73,57.69],
[208,103.01],
[551,100.52],
[37,109.09],
[97,58.41],
[69,110.50],
[18,84.93],
[63,121.17],
[44,145.87],
[38,95.94],
[13,95.17],
[48,43.03],
[34,151.39],
[10,95.17],
[28,98.87],
[47,93.47],
[7,38.24],
[13,70.65],
[39,80.07],
[5,129.00],
[10,61.91],
[9,95.17],
[13,71.14],
[12,101.98],
[9,64.90],
[4,59.41],
[4,80.33],
[4,109.04],
[4,126.20],
[19,62.88],
[9,71.70],
[7,86.93],
[6,110.39],
[3,58.12],
[3,79.71],
[3,68.23],
[4,144.35],
[3,59.24],
[3,66.40],
[5,60.92],
[4,102.62],
[4,139.33],
[4,89.47],
[3,139.33],
[3,75.12],
[3,86.97],
[3,144.63],
[3,30.12],
[-3,90.85],
[-5,50.29],
[-7,91.78],
[-7,33.07],
[-3,45.80],
[-3,78.79],
[-8,115.55],
[430,49.17],
[84,49.26],
[37,29.18],
[32,68.22],
[49,81.77],
[13,80.31],
[25,65.73],
[17,50.61],
[8,61.89],
[3,59.75],
[4,56.96],
[13,26.70],
[7,80.78],
[6,83.25],
[8,90.96],
[9,71.77],
[10,93.89],
[6,65.03],
[-8,95.46],
[-3,72.99],
[-9,88.83],
[-4,54.04],
[-5,37.28],
[-4,101.98],
],

