["Score", "Readability"],
[3,69.23],
[3,66.83],
[4,103.54],
[22,22.03],
[-26,74.50],
[6,87.95],
[4,49.04],
[30,98.87],
[5,-2.52],
[3,58.42],
[11,67.12],
[7,52.73],
[4,41.79],
[4,63.23],
[3,31.84],
[78,134.08],
[30,20.85],
[31,56.25],
[31,70.67],
[10,33.58],
[149,109.10],
[54,108.70],
[19,34.43],
[58,91.84],
[6,39.53],
[25,98.31],
[6,83.75],
[3,6.47],
[4,38.21],
[11,58.51],
[10,48.91],
[40,65.43],
[3,77.96],
[9,74.68],
[4,62.12],
[4,136.47],
[5,48.47],
[5,48.36],
[3,103.54],
[9,108.70],
[4,85.57],
[3,36.19],
[3,34.86],
[30,20.53],
[3,96.58],
[4,70.46],
[3,36.56],
[7,36.27],
[25,48.03],
[21,76.55],
[15,89.47],
[-3,72.52],
[-5,51.59],
[-10,73.31],
[11,115.13],
[3,73.17],
[4,78.25],
[7,43.15],
[10,54.86],
[35,18.82],
[3,127.22],
[-8,83.32],
[21,46.13],
[9,57.23],
[3,45.86],
[4,151.00],
[70,46.26],
[4,68.66],
[36,55.39],
[15,102.45],
[4,100.24],
[6,151.39],
[7,34.13],
[10,43.15],
[4,41.94],
[17,128.75],
[3,88.91],
[-5,103.62],
[9,37.16],
[3,99.40],
[4,25.80],
[7,74.68],
[3,60.49],
[8,44.04],
[13,40.11],
[-5,46.78],
[-6,72.07],
[7,101.55],
[4,102.05],
[4,118.68],
[3,94.99],
[4,100.02],
[5,63.76],
[4,35.86],
[3,58.87],
[3,46.93],
[3,61.24],
[3,118.68],
[4,95.17],
[3,93.70],
[3,81.42],
[-3,35.03],
[3,25.89],
[3,127.31],
[3,75.50],
[6,49.14],
[3,110.39],
[4,50.12],
[3,62.75],
[22,53.76],
[3,55.42],
[3,151.39],
[105,114.12],
[4,76.74],
[18,62.11],
[6,37.55],
[15,139.33],
[3,59.32],
[6,30.45],
[9,36.16],
[63,70.80],
[5,38.70],
[6,27.49],
[3,84.84],
[6,60.19],
[4,9.11],
[19,66.44],
[5,57.00],
[10,87.68],
[5,40.29],
[3,103.26],
[25,136.02],
[7,89.73],
[4,77.91],
[13,62.02],
[7,69.60],
[3,5.78],
[9,115.13],
[3,25.80],
[4,52.06],
[4,31.44],
[3,20.63],
[3,-6.16],
[3,23.48],
[11,62.88],
[5,66.35],
[9,41.01],
[3,35.39],
[3,11.08],
[3,4.56],
[4,35.45],
[5,11.83],
[6,124.16],
[3,14.07],
[6,58.42],
[-3,33.92],
[3,39.67],
[3,6.69],
[5,29.03],
[3,21.07],
[14,16.12],
[4,66.87],
[29,55.86],
[3,41.55],
[3,71.03],
[12,60.60],
[5,128.16],
[3,73.62],
[7,62.70],
[7,71.69],
[75,91.84],
[3,-7.20],
[16,74.35],
[4,40.52],
[42,100.42],
[8,74.94],
[41,81.22],
[4,73.80],
[24,56.61],
[4,70.35],
[3,47.89],
[6,85.03],
[9,73.73],
[41,57.92],
[-3,63.02],
[6,105.92],
[8,47.90],
[3,100.24],
[7,88.68],
[11,59.07],
[5,72.07],
[4,134.08],
[9,24.05],
[5,56.98],
[4,-8.72],
[4,91.54],
[4,66.62],
[5,70.08],
[12,51.60],
[3,63.06],
[3,48.08],
[3,73.28],
[46,76.59],
[-12,69.79],
[28,41.41],
[357,101.93],
[68,84.90],
[5,125.62],
[3,52.58],
[82,26.53],
[56,61.31],
[24,109.04],
[4,78.87],
[-4,131.48],
[4,92.43],
[-7,109.10],
[5,94.51],
[14,134.08],
[4,38.39],
[-8,51.10],
[4,60.59],
[3,103.26],
[3,50.40],
[27,34.79],
[7,43.61],
[24,151.00],
[9,14.65],
[3,54.20],
[3,95.06],
[4,63.50],
[12,77.81],
[5,108.96],
[3,50.24],
[5,161.49],
[16,111.35],
[66,96.63],
[3,52.04],
[9,67.76],
[4,74.86],
[216,110.82],
[7,78.87],
[7,90.99],
[3,88.00],
[185,47.99],
[5,54.62],
[9,60.20],
[14,34.85],
[128,62.11],
[26,92.65],
[3,128.75],
[3,77.63],
[6,64.71],
[3,120.08],
[4,67.42],
[36,43.36],
[5,101.27],
[3,103.70],
[11,80.33],
[22,92.38],
[5,50.62],
[13,130.25],
[8,134.08],
[5,114.12],
[8,77.19],
[8,54.10],
[4,47.04],
[22,66.31],
[7,70.69],
[14,67.40],
[5,70.31],
[65,36.22],
[4,60.05],
[39,51.50],
[9,63.02],
[6,64.66],
[26,94.63],
[5,103.62],
[5,88.03],
[10,66.97],
[9,47.27],
[3,32.65],
[5,58.53],
[7,81.86],
[5,66.65],
[6,49.58],
[5,49.19],
[12,81.77],
[5,64.77],
[12,58.74],
[8,73.31],
[113,34.54],
[3,69.11],
[3,79.53],
[4,111.12],
[7,71.90],
[5,48.44],
[4,101.93],
[24,60.72],
[6,57.21],
[3,89.52],
[8,86.35],
[4,85.70],
[7,42.86],
[3,57.55],
[8,66.97],
[3,63.44],
[6,54.73],
[45,66.32],
[3,61.78],
[-3,37.02],
[4,68.43],
[3,85.30],
[3,60.16],
[4,87.95],
[3,108.14],
[3,31.40],
[4,82.39],
[3,64.05],
[3,49.00],
[3,43.87],
[3,56.17],
[3,34.47],
[3,46.26],
[3,45.25],
[3,78.18],
[3,68.15],
[3,70.14],
[5,90.09],
[3,26.55],
[4,59.86],
[3,72.62],
[3,77.52],
[4,117.16],
[17,202.78],
[5,104.82],
[3,40.89],
[3,102.62],
[9,52.99],
[4,72.62],
[3,73.17],
[3,56.35],
[3,103.70],
[3,95.00],
[5,54.37],
[6,29.26],
[3,69.82],
[3,90.09],
[21,202.78],
[6,160.48],
[6,54.08],
[14,74.46],
[3,88.00],
[9,102.62],
[13,78.87],
[3,70.67],
[3,81.86],
[3,61.33],
[9,145.87],
[4,66.37],
[5,94.30],
[3,30.82],
[5,67.76],
[4,74.43],
[3,79.85],
[3,67.88],
[269,61.33],
[116,7.93],
[20,141.83],
[16,109.04],
[15,49.65],
[33,21.19],
[6,32.08],
[14,73.22],
[4,63.70],
[3,150.70],
[3,103.01],
[3,122.15],
[3,28.37],
[3,79.35],
[6,112.09],
[4,89.98],
[3,90.09],
[3,139.30],
[-14,64.92],
[-6,98.38],
[51,41.73],
[61,76.59],
[11,47.54],
[9,35.31],
[23,80.31],
[8,61.05],
[30,118.29],
[18,32.48],
[9,80.06],
[19,63.02],
[7,35.64],
[3,98.25],
[4,90.01],
[-10,78.16],
[-5,44.26],
[15,56.24],
[5,99.40],
[3,58.53],
[3,49.78],
[-4,59.21],
[31,59.80],
[7,123.93],
[4,64.30],
[13,118.18],
[-3,84.08],
[6,80.33],
[6,69.15],
[4,67.33],
[3,53.70],
[4,57.18],
[3,76.83],
[5,31.97],
[3,29.09],
[3,64.58],
[3,19.52],
[4,47.08],
[13,71.58],
[11,68.50],
[10,75.71],
[7,59.87],
[6,68.53],
[5,139.33],
[5,71.75],
[12,75.88],
[6,114.12],
[4,93.47],
[4,127.07],
[7,59.44],
[3,55.64],
[4,108.83],
[3,61.86],
[10,102.99],
[5,62.45],
[3,59.28],
[3,135.27],
[3,109.51],
[3,109.09],
[3,55.89],
[3,74.81],
[9,117.84],
[6,70.92],
[5,74.24],
[4,83.20],
[4,79.80],
[3,106.61],
[3,58.05],
[5,99.00],
[3,76.58],
[3,135.27],
[3,79.51],
[3,66.79],
[-3,80.90],
[10,86.85],
[4,64.63],
[3,67.80],
[3,95.00],
[-5,34.00],
[5,91.54],
[3,53.51],
[3,66.93],
[3,64.71],
[3,64.24],
],
