["Score", "Readability"],
[37,95.15],
[6,97.71],
[-5,91.78],
[8,115.13],
[3,78.77],
[69,74.81],
[406,87.41],
[23,84.90],
[283,77.81],
[225,86.45],
[11,82.39],
[63,98.31],
[3,144.99],
[4,98.87],
[20,71.97],
[56,29.68],
[6,83.32],
[249,85.86],
[3,36.95],
[13,105.49],
[8,64.32],
[3,103.38],
[16,39.53],
[122,98.38],
[13,70.93],
[41,74.81],
[32,144.04],
[4,163.52],
[-6,103.65],
[8,89.61],
[3,111.75],
[33,89.77],
[5,80.10],
[3,118.76],
[11,66.65],
[3,130.77],
[4,72.33],
[7,134.08],
[3,82.90],
[63,90.33],
[7,40.85],
[3,91.17],
[3,90.96],
[3,116.15],
[4,108.70],
[3,102.45],
[5,109.79],
[3,84.45],
[3,144.35],
[6,57.10],
[3,125.62],
[3,131.95],
[179,73.17],
[3,65.41],
[8,131.90],
[9,78.77],
[3,69.31],
[17,81.24],
[6,160.48],
[3,80.78],
[4,108.67],
[6,36.72],
[13,99.41],
[3,82.39],
[13,48.55],
[4,68.26],
[-13,139.30],
[5,118.18],
[5,131.95],
[5,72.19],
[3,112.14],
[18,65.57],
[3,68.09],
[4,77.20],
[13,59.16],
[6,96.02],
[6,108.96],
[-3,147.39],
[21,134.14],
[3,73.54],
[3,117.11],
[3,98.87],
[3,99.23],
[10,153.54],
[10,57.43],
[3,46.52],
[28,83.32],
[13,77.46],
[4,115.64],
[9,124.34],
[6,69.16],
[4,80.07],
[3,135.27],
[20,136.06],
[4,129.00],
[10,114.91],
[4,93.58],
[275,119.70],
[3,76.89],
[3,86.45],
[4,117.67],
[8,122.50],
[20,121.86],
[6,53.46],
[15,86.45],
[4,81.42],
[6,71.82],
[3,15.81],
[4,84.03],
[5,71.45],
[6,120.21],
[4,134.08],
[3,103.38],
[4,155.44],
[3,103.04],
[3,27.15],
[-3,77.10],
[4,130.77],
[5,134.08],
[3,103.04],
[3,160.48],
[3,84.90],
[4,81.79],
[4,142.54],
[3,93.70],
[3,67.76],
[3,151.00],
[4,46.43],
[16,127.22],
[3,56.76],
[3,109.04],
[3,72.67],
[7,72.37],
[3,130.25],
[5,94.30],
[6,135.27],
[8,55.89],
[5,97.00],
[4,98.25],
[3,120.81],
[4,118.18],
[45,144.35],
[3,123.20],
[4,163.47],
[3,96.37],
[84,69.79],
[10,139.33],
[3,119.70],
[17,124.34],
[20,94.51],
[3,127.31],
[4,94.99],
[4,74.07],
[4,101.26],
[12,118.68],
[26,81.14],
[7,80.31],
[3,104.82],
[8,95.69],
[3,145.84],
[14,134.08],
[-10,139.33],
[13,112.14],
[7,103.54],
[4,95.21],
[4,135.27],
[3,103.62],
[5,130.25],
[3,95.69],
[15,61.91],
[8,123.20],
[3,115.13],
[3,122.50],
[4,84.81],
[3,103.01],
[6,36.08],
[4,120.21],
[3,70.14],
[6,87.95],
[3,63.81],
[3,73.43],
[13,117.16],
[3,119.19],
[6,130.25],
[4,108.03],
[4,74.07],
[3,93.70],
[3,160.48],
[3,119.95],
[3,92.97],
[4,75.88],
[3,128.75],
[4,77.37],
[3,130.25],
[3,127.22],
[11,79.81],
[3,84.15],
[9,73.17],
[-13,49.25],
[5,130.25],
[24,95.69],
[4,131.90],
[-3,82.43],
[3,100.24],
[16,95.94],
[4,58.79],
[17,115.13],
[3,117.16],
[3,104.82],
[8,100.24],
[5,109.96],
[5,132.28],
[8,109.09],
[3,130.25],
[6,93.50],
[3,110.06],
[3,89.69],
[3,103.38],
[216,92.97],
[5,149.42],
[4,108.96],
[3,68.77],
[85,93.83],
[6,145.84],
[13,101.37],
[4,102.62],
[8,69.75],
[-10,117.16],
[4,72.95],
[3,144.04],
[3,108.14],
[4,95.85],
[4,74.24],
[15,15.47],
[3,113.10],
[3,139.33],
[4,68.43],
[4,89.52],
[3,164.91],
[3,117.16],
[3,88.83],
[3,78.92],
[3,103.62],
[10,77.65],
[3,82.19],
[4,61.67],
[4,77.10],
[3,81.86],
[10,78.87],
[11,127.22],
[6,79.16],
[4,95.69],
[5,127.07],
[5,102.05],
[13,49.30],
[11,6.45],
[3,117.67],
[5,149.90],
[3,89.60],
[5,84.26],
[34,102.05],
[5,101.27],
[8,130.25],
[3,139.33],
[5,119.44],
[31,70.67],
[4,101.98],
[20,139.33],
[3,81.93],
[3,58.84],
[3,67.28],
[3,162.50],
[-13,76.46],
[4,123.20],
[3,59.76],
[4,77.75],
[87,62.76],
[35,128.75],
[11,120.55],
[27,67.08],
[21,68.10],
[9,110.06],
[7,41.25],
[30,123.20],
[14,84.67],
[4,84.84],
[6,70.34],
[38,148.91],
[3,151.00],
[7,134.08],
[4,142.85],
[3,103.54],
[9,55.95],
[8,59.91],
[3,101.37],
[18,111.46],
[26,71.77],
[4,53.10],
[3,67.24],
[3,106.60],
[22,93.11],
[4,82.54],
[-5,119.80],
[3,103.62],
[3,114.12],
[4,75.22],
[5,86.71],
[3,67.33],
[37,74.84],
[9,100.71],
[6,76.59],
[17,92.39],
[22,80.90],
[6,76.97],
[7,158.44],
[8,79.53],
[5,23.18],
[15,64.71],
[3,90.96],
[5,115.13],
[7,64.74],
[26,78.92],
[7,49.91],
[3,102.62],
[44,95.56],
[7,60.97],
[80,79.14],
[3,97.84],
[3,134.08],
[-5,61.32],
[4,127.22],
[8,103.54],
[13,78.13],
[29,117.16],
[21,112.09],
[7,128.75],
[6,117.16],
[100,109.04],
[-5,149.22],
[6,93.33],
[4,72.27],
[18,93.01],
[195,90.96],
[3,42.59],
[3,56.99],
[6,113.10],
[11,115.16],
[39,29.24],
[3,134.08],
[5,90.13],
[3,116.65],
[-9,68.69],
[7,28.76],
[-8,119.91],
[5,92.30],
[4,73.42],
[5,139.33],
[3,102.78],
[5,127.31],
[4,130.25],
[4,67.43],
[4,66.56],
[126,37.55],
[3,100.07],
[3,80.22],
[10,108.83],
[6,57.38],
[3,84.84],
[4,134.08],
[3,103.01],
[3,126.20],
[19,45.07],
[4,131.90],
[3,69.53],
[3,130.25],
[9,94.83],
[3,130.25],
[3,52.13],
[4,50.48],
[10,64.46],
[5,95.17],
[5,108.96],
[3,94.30],
[3,130.25],
[4,86.71],
[3,74.38],
[5,83.00],
[8,119.70],
[7,167.92],
[3,124.34],
[3,161.49],
[12,52.86],
[3,130.25],
[3,79.35],
[3,120.55],
[3,79.94],
[4,130.77],
[4,95.00],
