["Score", "Readability"],
[17,32.49],
[7,29.06],
[599,35.25],
[602,35.25],
[137,89.61],
[143,89.61],
[192,50.04],
[197,50.04],
[52,71.82],
[54,71.82],
[21,62.88],
[4,91.81],
[8,71.08],
[9,71.08],
[4,90.13],
[83,60.11],
[85,60.11],
[5,53.66],
[6,113.94],
[24,77.08],
[27,77.08],
[34,66.49],
[36,66.49],
[9,23.27],
[15,90.09],
[150,50.96],
[154,50.96],
[18,41.94],
[19,41.94],
[7,16.23],
[8,16.23],
[11,82.39],
[9,82.39],
[10,43.49],
[-3,58.22],
[338,18.72],
[376,18.72],
[42,75.53],
[7,112.96],
[7,89.86],
[5,164.67],
[7,164.67],
[4,117.92],
[5,117.92],
[7,60.23],
[8,60.23],
[4,62.68],
[3,127.28],
[3,83.71],
[28,80.78],
[15,23.31],
[33,54.71],
[63,46.25],
[41,85.10],
[23,55.60],
[318,84.45],
[92,84.92],
[46,47.35],
[9,89.86],
[27,88.73],
[6,74.39],
[8,58.87],
[6,53.64],
[8,30.53],
[84,54.08],
[6,-3.36],
[6,81.24],
[12,46.57],
[5,53.12],
[5,60.56],
[-8,40.09],
[8,25.32],
[5,43.56],
[3,65.02],
[3,85.92],
[3,130.25],
[4,65.78],
[3,70.09],
[3,56.57],
[4,73.85],
[5,62.62],
[4,35.87],
[3,54.71],
[3,139.30],
[12,95.17],
[288,52.87],
[28,47.04],
[-20,63.31],
[201,66.53],
[8,54.59],
[-4,58.41],
[48,42.46],
[13,71.72],
[-5,30.53],
[3,24.35],
[5,37.48],
[4,112.43],
[-3,80.87],
[9,47.65],
[5,52.58],
[3,61.70],
[3,52.98],
[73,128.16],
[3,90.09],
[3,80.18],
[4,90.94],
[3,120.67],
[9,52.76],
[-15,63.87],
[9,49.00],
[9,77.81],
[37,30.95],
[18,90.33],
[-4,47.17],
[9,22.91],
[15,82.48],
[692,51.28],
[20,70.80],
[4,142.85],
[9,64.92],
[22,37.88],
[5,72.68],
[5,84.03],
[88,84.34],
[5,85.86],
[6,84.05],
[53,68.29],
[4,75.14],
[5,63.22],
[4,82.39],
[7,13.10],
[-4,139.33],
[4,36.80],
[4,61.33],
[3,24.69],
[3,-3.91],
[4,102.62],
[3,109.10],
[4,1.22],
[7,95.17],
[3,95.69],
[5,35.03],
[3,32.40],
[6,65.43],
[4,103.01],
[3,43.72],
[3,-3.76],
[3,80.24],
[6,103.04],
[7,-0.03],
[16,47.29],
[7,119.19],
[4,103.04],
[14,48.04],
[4,25.37],
[-3,64.80],
[4,92.97],
[-3,38.03],
[4,42.07],
[3,49.38],
[-4,79.75],
[4,108.40],
[4,68.04],
[-4,78.25],
[6,53.55],
[4,47.45],
[3,47.95],
[3,78.87],
[-3,38.39],
[165,63.18],
[57,90.09],
[9,51.36],
[15,71.82],
[53,119.19],
[19,66.80],
[5,58.09],
[15,80.47],
[-4,59.41],
[-12,64.30],
[-10,14.61],
[-12,53.64],
[-8,84.64],
[33,44.95],
[213,33.18],
[28,49.47],
[88,51.59],
[4,67.67],
[18,27.16],
[23,39.76],
[3,67.72],
[3,48.80],
[3,35.48],
[5,32.43],
[4,37.40],
[-13,73.53],
[3,50.97],
[3,116.65],
[4,60.84],
[4,53.83],
[3,28.41],
[3,80.10],
