["Score", "Readability"],
[6,74.16],
[14,70.92],
[3,85.02],
[9,78.87],
[4,80.19],
[10,119.70],
[4,64.29],
[4,67.11],
[3,81.63],
[10,34.30],
[8,50.29],
[3,108.27],
[-5,78.77],
[-7,102.05],
[3,67.51],
[8,81.24],
[-6,49.66],
[25,57.43],
[15,57.10],
[3,64.42],
[7,53.27],
[20,145.84],
[14,67.53],
[3,81.35],
[4,68.97],
[6,53.19],
[3,136.62],
[3,71.82],
[3,104.82],
[-5,100.24],
[6,104.62],
[3,89.09],
[16,94.78],
[-6,86.71],
[3,79.56],
[33,71.54],
[11,66.71],
[47,74.46],
[16,108.96],
[16,88.00],
[3,45.11],
[7,74.02],
[8,54.88],
[9,115.64],
[3,95.17],
[4,111.53],
[5,67.33],
[43,100.39],
[5,64.94],
[4,67.66],
[5,56.61],
[4,66.21],
[-4,91.78],
[42,65.56],
[165,73.67],
[3,117.67],
[-13,114.12],
[4,64.68],
[4,63.49],
[9,86.71],
[49,85.89],
[6,136.11],
[3,96.49],
[53,69.30],
[5,63.18],
[24,59.80],
[5,88.37],
[8,84.67],
[4,80.20],
[31,65.76],
[3,74.79],
[3,94.30],
[14,47.60],
[4,40.49],
[14,65.96],
[6,118.76],
[3,73.85],
[4,120.55],
[4,85.14],
[6,109.10],
[4,60.65],
[11,94.30],
[4,80.78],
[14,119.87],
[3,133.29],
[5,97.03],
[10,39.85],
[12,83.36],
[17,108.96],
[10,135.38],
[5,53.11],
[5,73.41],
[3,124.69],
[12,76.56],
[8,55.15],
[5,108.95],
[3,74.71],
[19,56.38],
[82,69.78],
[44,62.63],
[-3,120.55],
[-9,76.73],
[4,103.65],
[-6,67.59],
[3,79.56],
[3,115.13],
[7,79.55],
[25,53.50],
[4,77.10],
[3,144.35],
[3,149.90],
[6,92.78],
[7,70.82],
[9,98.25],
[34,117.80],
[32,68.77],
[12,81.94],
[3,95.69],
[6,63.84],
[8,84.45],
[3,65.11],
[-3,135.27],
[8,79.87],
[4,80.47],
[20,65.56],
[3,75.20],
[4,24.10],
[14,95.56],
[3,130.25],
[-7,78.77],
[3,120.55],
[3,96.02],
[7,71.77],
[4,94.30],
[-4,116.15],
[8,95.69],
[-6,108.96],
[29,14.27],
[3,145.93],
[-3,41.48],
[5,55.88],
[6,89.47],
[-5,90.09],
[6,64.59],
[4,66.10],
[11,117.67],
[3,53.06],
[15,112.09],
[3,93.70],
[4,64.69],
[5,43.41],
[9,75.73],
[7,58.09],
[4,82.93],
[3,65.68],
[3,36.16],
[3,48.94],
[12,202.78],
[4,101.27],
[5,72.52],
[7,93.86],
[3,116.15],
[7,49.41],
[6,62.62],
[5,69.37],
[3,54.17],
[3,96.00],
[11,69.16],
[3,92.38],
[6,63.80],
[3,64.15],
[-3,53.86],
[7,92.97],
[4,68.29],
[4,49.48],
[3,45.46],
[3,61.23],
[3,103.54],
[7,88.03],
[4,78.86],
[3,56.48],
[-17,139.33],
[4,63.77],
[10,69.70],
[3,67.51],
[4,55.21],
[3,97.03],
[3,161.49],
[4,44.19],
[41,103.38],
[3,69.79],
[3,127.22],
[3,200.75],
[39,85.88],
[15,86.42],
[4,139.33],
[9,67.66],
[7,53.29],
[101,65.00],
[15,95.17],
[3,73.99],
[3,103.38],
[3,56.61],
[-3,76.57],
[-6,136.62],
[5,62.76],
[12,56.27],
[3,120.71],
[3,56.40],
[20,139.33],
[11,90.05],
[9,109.04],
[3,111.07],
[4,117.11],
[8,84.81],
[5,58.02],
[3,96.02],
[4,69.79],
[3,71.82],
[-5,90.26],
[3,87.68],
[3,62.75],
[3,78.33],
[3,103.54],
[3,82.39],
[4,99.40],
[15,78.77],
[3,22.36],
[3,85.88],
[4,52.74],
[5,65.19],
[3,84.90],
[3,66.40],
[4,65.95],
[4,65.10],
[4,123.54],
[4,70.85],
[3,112.09],
[5,53.50],
[3,74.81],
[4,70.06],
[5,54.73],
[3,64.58],
[4,75.34],
],
