["Score", "Readability"],
[5,102.05],
[4,102.05],
[9,106.16],
[10,27.39],
[3,78.25],
[-9,70.14],
[-6,25.46],
[3,119.70],
[-5,56.55],
[-10,50.67],
[-5,73.57],
[5,78.25],
[5,46.35],
[-10,38.99],
[3,46.16],
[4,117.16],
[-10,139.33],
[3,53.81],
[-6,22.55],
[112,58.01],
[-28,74.98],
[5,26.53],
[-15,78.20],
[8,28.75],
[-22,90.98],
[35,95.42],
[50,8.85],
[5,55.07],
[-4,57.67],
[-9,73.41],
[25,11.27],
[-22,68.77],
[-10,41.98],
[3,47.17],
[-5,139.33],
[11,62.97],
[-10,58.73],
[23,75.34],
[16,19.02],
[10,59.80],
[3,55.59],
[40,76.27],
[22,89.52],
[7,77.91],
[3,118.18],
[3,131.90],
[166,55.52],
[24,54.71],
[5,44.26],
[10,68.65],
[11,41.31],
[3,105.09],
[6,58.42],
[3,160.48],
[3,53.61],
[20,139.33],
[61,80.20],
[3,87.55],
[3,48.28],
[12,64.95],
[36,13.90],
[3,104.08],
[3,77.74],
[3,33.13],
[6,23.68],
[26,32.36],
[-10,56.25],
[3,139.33],
[5,131.90],
[6,76.55],
[3,95.94],
[3,32.39],
[4,102.05],
[3,114.12],
[21,31.96],
[66,80.90],
[119,139.73],
[-15,33.41],
[3,110.06],
[-9,37.53],
[18,117.16],
[13,84.81],
[3,55.00],
[12,69.14],
[21,118.18],
[58,75.72],
[13,68.43],
[3,84.84],
[4,127.55],
[3,73.31],
[4,75.50],
[3,118.18],
[5,47.26],
[9,115.64],
[-4,75.37],
[3,120.41],
[-6,139.33],
[6,100.24],
[14,82.26],
[-7,76.23],
[5,103.04],
[3,86.71],
[3,66.10],
[3,66.79],
[7,39.64],
[4,131.19],
[-5,158.44],
[3,40.53],
[4,55.93],
[7,130.25],
[3,7.15],
[3,106.75],
[-5,28.50],
[3,134.08],
[6,103.62],
[11,62.75],
[8,27.78],
[8,101.98],
[3,45.80],
[3,72.22],
[-8,74.84],
[13,88.49],
[5,80.22],
[5,89.47],
[6,51.99],
[3,60.75],
[4,70.91],
[3,109.09],
[32,78.20],
[20,68.45],
[14,74.86],
[14,113.10],
[47,103.04],
[7,82.87],
[6,66.74],
[3,89.90],
[3,39.06],
[3,95.95],
[-8,204.81],
[6,98.38],
[6,-8.22],
[5,46.59],
[-3,61.05],
[6,35.11],
[4,74.86],
[5,73.78],
[3,134.08],
