[[4,40.62],
[17,111.31],
[3,87.68],
[9,53.63],
[5,65.17],
[3,52.63],
[3,95.00],
[3,102.05],
[3,142.57],
[4,83.75],
[3,119.95],
[3,83.85],
[3,102.78],
[-6,115.13],
[4,160.48],
[3,167.92],
[3,87.95],
[4,122.15],
[3,127.98],
[4,103.54],
[24,101.55],
[9,95.69],
[22,101.27],
[73,67.76],
[4,82.43],
[3,119.19],
[-5,44.75],
[-4,87.68],
[4,108.98],
[8,68.69],
[3,107.60],
[3,113.61],
[11,36.11],
[4,66.85],
[4,84.90],
[12,78.87],
[10,77.37],
[6,88.91],
[3,117.16],
[11,94.30],
[3,78.41],
[4,111.07],
[4,60.40],
[86,42.49],
[67,59.53],
[17,137.89],
[36,95.03],
[13,82.39],
[122,69.97],
[9,47.58],
[7,74.27],
[10,135.27],
[12,66.51],
[7,42.88],
[4,66.79],
[4,39.72],
[3,23.31],
[3,70.84],
[3,30.47],
[3,80.29],
[4,119.87],
[4,151.00],
[3,63.00],
[3,51.92],
[3,52.55],
[3,62.71],
[11,10.62],
[11,52.76],
[7,52.60],
[6,34.87],
[4,95.00],
[3,95.17],
[4,57.50],
[3,137.47],
[3,74.86],
[4,87.95],
[-5,139.33],
[3,101.37],
[6,68.77],
[4,51.92],
[4,75.50],
[3,86.45],
[3,154.94],
[3,144.35],
],

