[[13,47.55],
[12,68.81],
[19,35.50],
[3,54.42],
[6,50.41],
[61,55.41],
[23,53.43],
[27,52.17],
[7,44.17],
[3,24.85],
[103,15.95],
[6,72.99],
[22,49.47],
[4,71.29],
[3,47.42],
[7,72.51],
[4,62.65],
[3,21.67],
[4,29.72],
[10,10.84],
[26,11.41],
[-11,54.62],
[8,52.21],
[5,56.12],
[21,57.07],
[-8,43.87],
[4,32.29],
[3,49.65],
[18,36.42],
[5,44.58],
[19,17.25],
[8,27.76],
[14,34.40],
[9,89.81],
[3,28.71],
[8,-4.32],
[62,27.64],
[13,56.51],
[-7,102.78],
[-3,41.55],
[57,48.44],
[31,55.13],
[16,60.32],
[16,53.55],
[-7,70.08],
[3,65.05],
[68,33.51],
[3,77.58],
[8,82.39],
[13,58.40],
[-18,84.98],
[13,57.13],
[108,71.59],
[1112,41.30],
[4,55.22],
[43,35.38],
[9,35.76],
[37,94.30],
[21,61.23],
[3,34.65],
[10,36.03],
[10,55.08],
[5,31.33],
[3,62.45],
[8,53.15],
[11,59.56],
[6,66.46],
[-8,40.75],
[4,63.49],
[-5,66.35],
[4,-2.55],
[26,45.13],
[68,39.06],
[26,69.49],
[12,89.60],
[16,36.14],
[10,65.78],
[-6,41.17],
[13,32.25],
[4,59.07],
[5,27.71],
[7,15.80],
[10,75.12],
[5,15.49],
[46,90.94],
[4,32.60],
[18,75.14],
[3,46.05],
[3,77.49],
[5,66.40],
[5,78.25],
[12,70.97],
[-4,55.99],
[5,70.14],
[11,52.34],
[3,122.90],
[6,45.02],
[21,44.26],
[9,51.14],
[12,16.33],
[-5,81.65],
[29,82.04],
[10,42.55],
[11,57.29],
[26,50.13],
[20,37.33],
[8,35.33],
[7,44.35],
[43,17.38],
[3,79.53],
[65,71.86],
[7,74.81],
[-13,86.71],
[-15,81.86],
[368,53.46],
[-8,55.18],
[15,49.68],
[15,139.33],
[14,33.59],
[-10,47.99],
[5,43.78],
[49,44.74],
[-6,54.75],
[46,45.78],
[4,61.35],
[3,36.68],
[3,73.17],
[5,44.38],
[1261,60.39],
[-13,80.10],
[5,64.40],
[-5,66.37],
[4,31.41],
[-4,51.79],
[-5,71.78],
[7,57.42],
[3,44.35],
[-6,90.94],
[3,48.99],
[-5,61.33],
[4,139.33],
[-4,78.25],
[-6,84.84],
[-6,139.33],
[-13,91.43],
[6,112.09],
[3,77.16],
[9,139.33],
[4,139.33],
[-3,139.33],
[10,139.33],
[24,84.92],
[-5,65.46],
[-3,13.15],
[17,60.48],
[-3,48.24],
[5,99.14],
[4,65.01],
[26,15.97],
[9,49.23],
[20,47.87],
[57,97.00],
[8,25.77],
[-5,60.71],
[-11,42.79],
[6,84.90],
[8,84.92],
[3,68.72],
[26,70.29],
[5,139.33],
[6,139.33],
[3,139.33],
[5,26.92],
[11,64.58],
[39,31.16],
[5,69.48],
[4,53.46],
[11,52.73],
[6,42.55],
[4,63.17],
[34,65.56],
[11,32.42],
[15,57.79],
[4,40.60],
[4,139.33],
[28,59.68],
[8,24.30],
[7,38.34],
[69,24.27],
[7,23.25],
[7,16.95],
[8,52.78],
[792,30.62],
[-6,139.33],
[-7,139.33],
[4,73.85],
[255,32.57],
[-5,112.97],
[-7,139.33],
[12,65.17],
[-3,103.54],
[13,71.09],
[-12,33.46],
[7,52.64],
[19,50.60],
[3,35.13],
[-3,39.40],
[-6,42.59],
[16,42.24],
[9,55.07],
[10,30.57],
[20,24.99],
[6,77.36],
[9,66.92],
[4,75.12],
[3,62.76],
[3,33.57],
[23,80.31],
[-5,80.88],
[4,31.54],
[4,30.79],
[57,37.20],
[27,49.26],
[6,31.24],
[3,38.81],
[30,76.50],
[39,21.38],
[64,60.48],
[3,49.67],
[4,57.94],
[24,39.94],
[24,54.80],
[4,28.67],
[4,28.95],
[11,77.22],
[-9,93.47],
[7,48.66],
[8,41.74],
[17,59.27],
[3,66.80],
[5,44.32],
[8,63.49],
[4,75.12],
[11,36.41],
[3,58.87],
[3,30.48],
[6,95.43],
[5,33.59],
[5,66.45],
[-4,26.15],
[-4,83.85],
[-3,56.11],
[5,35.91],
[3,74.46],
[199,50.63],
[22,50.03],
[38,45.65],
[-41,64.40],
[485,89.09],
[-8,42.30],
[13,42.60],
[122,24.46],
[21,49.86],
[18,0.32],
[379,45.05],
[15,32.85],
[-4,139.33],
[126,52.85],
[213,73.54],
[12,40.74],
[240,103.52],
[50,70.11],
[10,103.04],
[1385,39.09],
[3,23.24],
[14,40.87],
[-11,27.82],
[9,34.59],
[-10,54.44],
[36,45.06],
[23,52.23],
[75,103.70],
[3,68.77],
[95,59.42],
[13,63.63],
[-10,72.51],
[4,53.55],
[6,59.12],
[7,47.29],
[-13,52.33],
[5,139.33],
[-7,28.15],
[3,27.13],
[-12,90.13],
[-3,55.74],
[-4,19.03],
[10,62.63],
[3,38.32],
[20,15.28],
[5,57.92],
[-5,44.41],
[51,57.60],
[-6,36.66],
[6,32.45],
[-7,139.33],
[-10,106.00],
[9,35.31],
[-6,60.65],
[15,35.83],
[-5,48.24],
[54,42.94],
[3,38.53],
[12,37.29],
[11,82.94],
[8,59.76],
[-8,46.19],
[3,36.72],
[7,22.50],
[6,42.90],
[4,66.93],
[4,70.67],
[9,63.88],
[6,43.99],
[38,88.48],
[3,50.63],
[27,39.97],
[-3,46.83],
[3,45.80],
[20,22.23],
[8,39.71],
[-8,60.71],
[5,49.66],
[17,36.53],
[3,92.97],
[4,53.12],
[3,97.00],
[4,10.82],
[7,30.81],
[4,52.49],
[7,22.65],
[31,63.39],
[81,54.55],
[24,31.93],
[22,57.56],
[-4,27.49],
[-3,30.77],
[4,50.77],
[7,31.73],
[-8,60.74],
[42,6.78],
[10,56.70],
[-29,60.48],
[-6,139.33],
[126,55.01],
[4,63.84],
[4,65.70],
[5,19.09],
[8,40.50],
[-4,36.83],
[5,58.20],
[7,57.81],
[-5,93.70],
[-4,66.40],
[80,26.73],
[3,106.53],
[3,92.80],
[10,78.87],
[-7,85.30],
[8,23.80],
[11,55.34],
[3,44.07],
[4,52.87],
[4,120.26],
[6,34.48],
[4,40.29],
[4,54.14],
[11,33.54],
[3,69.30],
[5,38.77],
[3,56.31],
[859,81.14],
[1243,45.47],
[43,141.30],
[118,139.33],
[131,139.33],
[92,50.39],
[69,139.33],
[38,74.81],
[9,54.67],
[26,139.33],
[17,86.70],
[9,139.33],
[20,139.33],
[15,56.94],
[7,75.50],
[7,52.33],
[11,139.33],
[6,139.33],
[18,139.33],
[8,139.33],
[5,78.87],
[3,85.39],
[3,42.10],
[3,52.31],
[3,139.33],
[-10,45.21],
[-8,70.05],
[-7,139.33],
[51,56.66],
[-26,75.51],
[27,49.74],
[28,63.10],
[3,58.19],
[29,32.85],
[55,139.33],
[12,53.56],
[22,33.98],
[4,48.41],
[5,23.13],
[7,66.71],
[31,32.19],
[8,19.42],
[60,35.85],
[17,45.26],
[3,37.16],
[-4,53.36],
[-6,32.09],
[-20,37.81],
[7,81.51],
[4,15.39],
[-8,83.42],
[18,78.01],
[6,66.40],
[12,42.03],
[7,54.36],
[5,59.62],
[4,47.81],
[-5,60.40],
[22,84.81],
[6,49.17],
[4,54.57],
[5,38.32],
[4,44.30],
[73,39.16],
[12,40.64],
[4,50.56],
[7,39.66],
[4,71.90],
[11,139.33],
[9,24.43],
[9,35.84],
[4,41.17],
[8,41.28],
[9,75.20],
[12,46.52],
[6,60.08],
[3,85.45],
[3,51.50],
[8,35.03],
[5,64.43],
[4,39.35],
[3,51.71],
[3,35.50],
[27,57.94],
[6,100.24],
[5,49.00],
[8,56.20],
[4,60.63],
[21,63.51],
[11,32.56],
[4,57.13],
[3,62.55],
[2353,44.64],
[48,30.90],
[170,22.77],
[124,36.47],
[7,139.33],
[8,139.33],
[31,76.14],
[46,38.79],
[10,40.92],
[3,88.48],
[5,102.05],
[5,47.56],
[5,86.12],
[9,61.03],
[6,139.33],
[5,11.54],
[3,63.08],
[5,69.70],
[4,30.74],
[3,33.49],
[5,139.33],
[-4,77.68],
[-8,139.33],
[-6,44.05],
[283,36.13],
[40,33.73],
[14,20.58],
[14,33.69],
[18,28.87],
[6,46.04],
[4,15.97],
[4,23.96],
[3,35.47],
[-3,76.50],
[156,47.05],
[17,44.45],
[43,139.33],
[10,139.33],
[3,50.50],
[3,139.33],
[-13,66.40],
[-7,57.31],
[128,26.86],
[294,62.36],
[18,139.33],
[17,-0.48],
[46,139.33],
[10,58.18],
[20,85.43],
[4,54.98],
[-4,78.33],
[-5,61.74],
[-3,39.65],
[-3,50.21],
[150,67.82],
[15,84.03],
[24,63.61],
[6,72.16],
[9,44.88],
[5,53.71],
[3,68.92],
[3,65.30],
[4,62.87],
[3,71.29],
[3,70.91],
[6,59.01],
[108,16.07],
[20,43.84],
[5,-4.46],
[-7,80.31],
[26,31.99],
[4,78.33],
[4,54.19],
[18,18.02],
[24,67.77],
[4,40.45],
[23,44.78],
[7,37.42],
[7,5.44],
[3,60.19],
[37,9.97],
[7,37.52],
[20,-6.51],
[5,-1.13],
[7,76.59],
[11,49.96],
[5,41.35],
[4,33.04],
[21,16.82],
[6,47.31],
[11,56.11],
[5,33.26],
[3,25.06],
[24,60.45],
[8,26.39],
[3,90.96],
[54,65.56],
[19,69.17],
[3,76.23],
[10,66.64],
[4,27.38],
[5,44.17],
[23,60.56],
[6,32.60],
[3,64.47],
[4,51.81],
[3,70.00],
[55,90.38],
[20,38.70],
[5,59.37],
[8,71.84],
[8,57.91],
[4,72.14],
[4,53.72],
[4,61.20],
[42,26.51],
[3,75.43],
[-3,51.06],
[14,66.83],
[4,50.29],
[5,110.92],
[3,60.35],
[3,71.28],
[18,52.61],
[3,35.62],
[8,60.56],
[4,59.53],
],

