["Score", "Readability"],
[508,65.75],
[6,59.10],
[34,83.95],
[5,92.21],
[-8,116.15],
[4,55.28],
[6,80.84],
[20,67.88],
[50,89.44],
[60,72.83],
[3,64.18],
[10,89.47],
[41,94.47],
[7,82.93],
[5,64.58],
[150,49.02],
[6,93.70],
[38,58.42],
[7,45.04],
[13,127.07],
[6,68.65],
[8,52.63],
[10,14.31],
[3,59.21],
[73,18.21],
[13,73.85],
[6,66.74],
[25,78.77],
[8,121.17],
[9,91.74],
[140,167.92],
[9,94.51],
[4,127.22],
[3,54.74],
[12,82.39],
[7,107.55],
[3,46.32],
[4,63.42],
[35,139.33],
[5,83.16],
[4,49.48],
[8,134.08],
[3,130.25],
[5,112.09],
[25,53.64],
[12,46.29],
[28,58.43],
[7,41.53],
[4,74.52],
[5,76.74],
[25,119.19],
[7,119.70],
[3,95.59],
[7,160.48],
[3,23.75],
[5,66.05],
[9,59.68],
[3,73.99],
[9,158.44],
[6,160.48],
[3,35.86],
[10,29.29],
[59,130.25],
[3,70.34],
[8,78.33],
[4,95.56],
[3,31.17],
[3,89.61],
[6,67.10],
[39,65.75],
[7,149.90],
[3,99.53],
[6,134.08],
[3,81.73],
[3,64.77],
[9,68.77],
[51,40.04],
[51,110.73],
[5,68.65],
[338,79.85],
[194,108.98],
[5,83.25],
[3,98.25],
[14,75.50],
[5,80.31],
[4,83.10],
[3,36.56],
[3,76.59],
[7,73.92],
[17,52.44],
[4,81.42],
[16,135.27],
[111,97.34],
[494,96.19],
[24,53.15],
[9,77.07],
[10,162.50],
[4,102.05],
[12,59.43],
[4,42.29],
[5,73.17],
[72,80.45],
[6,63.58],
[6,167.92],
[6,74.31],
[4,82.67],
[8,141.83],
[4,117.23],
[-17,72.52],
[5,112.09],
[3,100.93],
[6,69.46],
[3,94.11],
[5,54.51],
[3,63.61],
[-8,184.84],
[3,69.86],
[4,109.04],
[5,68.98],
[7,77.68],
[3,125.23],
[25,61.39],
[3,67.59],
[7,84.32],
[160,108.27],
[8,64.50],
[-6,86.42],
[4,82.90],
[-5,73.67],
[19,60.19],
[4,147.39],
[3,57.08],
[4,76.86],
[4,105.09],
[-3,80.31],
[11,83.32],
[4,126.45],
[5,85.92],
[26,59.28],
[4,74.14],
[4,88.06],
[3,60.65],
[3,73.57],
[-3,120.55],
[4,61.43],
[24,131.90],
[6,52.49],
[4,62.38],
[4,55.18],
[3,129.81],
[7,73.30],
[5,70.34],
[4,86.71],
[-11,45.32],
[3,63.63],
[3,87.38],
[5,80.85],
[62,58.61],
[-5,103.01],
[4,93.58],
[3,108.96],
[3,83.32],
[-3,105.88],
[57,51.40],
[-3,95.95],
[5,60.20],
[4,40.54],
[-7,137.46],
[4,72.39],
[4,75.99],
[3,59.44],
[3,92.97],
[26,69.99],
[4,124.34],
[11,54.23],
[4,87.95],
[8,119.19],
[3,107.10],
[14,78.87],
[3,59.32],
[45,115.64],
[-15,81.65],
[6,66.10],
[3,55.26],
[24,144.99],
[13,134.08],
[23,128.56],
[48,89.90],
[4,65.73],
[6,79.94],
[8,108.96],
[8,77.10],
[5,56.47],
[47,106.75],
[264,127.07],
[-3,94.30],
[23,111.53],
[42,82.39],
[4,115.13],
[26,64.80],
[5,131.90],
[74,77.81],
[36,46.92],
[7,53.71],
[5,95.80],
[155,58.79],
[31,61.10],
[5,41.02],
[22,119.40],
[3,127.07],
[8,89.60],
[3,160.48],
[9,90.04],
[3,35.87],
[57,73.41],
[4,51.19],
[7,122.50],
[4,72.44],
[3,108.27],
[3,53.39],
[7,61.04],
[10,82.57],
[3,103.62],
[9,79.84],
[6,49.04],
[3,55.89],
[3,70.31],
[3,108.03],
[18,75.62],
[10,63.24],
[3,68.19],
[10,78.09],
[36,111.33],
[3,66.21],
[5,77.67],
[3,56.16],
[99,77.61],
[8,63.70],
[3,101.27],
[-10,105.49],
[3,102.05],
[3,69.08],
[3,203.79],
[26,58.89],
[27,53.66],
[12,98.31],
[3,67.11],
[7,74.75],
[4,127.87],
[3,43.94],
[3,86.71],
[4,115.81],
[4,161.49],
[4,64.73],
[545,36.23],
[9,114.92],
[3,75.96],
[5,35.95],
[4,50.74],
[100,70.08],
[8,78.97],
[3,103.70],
[5,60.32],
[6,89.44],
[7,72.03],
[23,44.25],
[-4,53.68],
[4,92.06],
[3,69.24],
[4,102.05],
[10,62.54],
[54,78.79],
[3,111.51],
[6,63.84],
[3,83.75],
[4,65.00],
[4,92.63],
[3,66.68],
[3,137.47],
[3,92.43],
[3,63.58],
[17,90.99],
[5,67.04],
[4,53.66],
[3,97.00],
[4,108.96],
[3,93.98],
[24,63.15],
[3,93.11],
[14,67.26],
[3,94.51],
[5,151.00],
[3,45.85],
[4,70.51],
[4,98.87],
[4,124.34],
[6,81.39],
[3,87.41],
[7,35.53],
[5,68.69],
[19,88.71],
[27,63.67],
[3,80.90],
[3,67.92],
[3,60.20],
[14,2.99],
[3,66.07],
[7,133.26],
[7,44.81],
[3,66.87],
[4,60.61],
[5,22.50],
[9,68.10],
[9,45.56],
[3,75.28],
[5,66.46],
[13,71.28],
[3,103.62],
[20,55.99],
[6,52.65],
[4,65.10],
[3,70.49],
[6,95.69],
[3,38.17],
[4,40.30],
[3,65.66],
[4,95.17],
[3,71.82],
[5,66.12],
[9,77.42],
[19,62.82],
[6,80.52],
[3,82.12],
[3,66.85],
[6,53.05],
[3,87.84],
[3,58.52],
[5,75.34],
[3,88.71],
[3,57.02],
[5,112.65],
[12,65.56],
[-4,46.90],
[9,69.59],
[11,48.78],
[6,181.62],
[12,183.66],
[5,65.13],
[18,80.18],
[6,83.35],
[45,55.15],
[27,66.74],
[12,112.09],
[9,43.96],
[-5,64.15],
[5,60.23],
[5,51.10],
[4,43.14],
[5,73.80],
[6,51.65],
[4,145.84],
[4,66.13],
[-8,63.28],
[7,55.35],
[5,72.16],
[-3,76.78],
[7,82.43],
[3,60.87],
[4,66.69],
[5,72.55],
[4,65.35],
[5,76.75],
[17,75.73],
[5,83.10],
[-7,-1.51],
[5,101.98],
[3,61.38],
[4,108.98],
[7,26.93],
[62,27.83],
[4,4.45],
[-3,75.38],
[3,52.65],
[12,90.94],
[4,46.61],
[13,111.10],
[34,73.17],
[11,114.62],
[3,73.86],
[79,85.07],
[6,31.31],
[3,127.07],
[61,100.71],
[5,56.70],
[3,34.26],
[7,78.77],
[5,81.79],
[6,86.71],
[5,70.63],
[9,56.91],
[3,71.97],
[1905,47.81],
[40,76.22],
[45,50.83],
[5,30.53],
[7,60.01],
[3,67.98],
[9,80.31],
[3,18.94],
[14,48.61],
[8,62.17],
[7,60.48],
[3,60.23],
[24,66.40],
[3,59.61],
[18,46.42],
[9,61.99],
[18,74.96],
[3,106.60],
[9,53.89],
[5,71.85],
[5,84.54],
[13,67.30],
[5,101.27],
[3,68.91],
[43,38.48],
[324,117.36],
[67,39.35],
[6,51.75],
[3,72.37],
[109,64.67],
[16,54.44],
[13,89.30],
[220,61.33],
[373,135.27],
[15,88.49],
[4,65.11],
[51,54.70],
[4,69.15],
[3,56.98],
[127,62.36],
[98,45.16],
[3,29.00],
[170,43.39],
[48,51.23],
[13,52.38],
[5,95.69],
[14,73.76],
[5,21.14],
[7,35.89],
[4,66.10],
[9,89.52],
[20,64.15],
[6,68.52],
[6,105.88],
[3,73.63],
[12,67.74],
[5,79.71],
[19,65.56],
[4,59.64],
[11,101.51],
[3,67.55],
[4,65.46],
[7,54.87],
[3,58.41],
[3,67.80],
[4,90.83],
[4,73.14],
[3,77.61],
[4,63.84],
[35,70.29],
[5,66.21],
[3,66.77],
[3,18.10],
[15,69.99],
[4,79.58],
[9,41.16],
[30,19.78],
[4,43.80],
[5,103.54],
[5,46.61],
[111,84.84],
[4,145.87],
[23,67.67],
[9,43.29],
[32,79.09],
[42,77.81],
[9,36.09],
[21,85.92],
[35,69.14],
[4,47.30],
[11,62.22],
[14,51.15],
[8,61.71],
[3,75.85],
[6,68.94],
[39,67.39],
[9,55.41],
[16,106.60],
[20,130.25],
[23,87.48],
[41,66.74],
[84,62.97],
[14,61.53],
[6,76.97],
[24,74.54],
[16,78.87],
[3,46.03],
[61,63.61],
[4,37.35],
[22,108.98],
[11,64.37],
[4,91.53],
[20,59.10],
[5,85.92],
[8,59.21],
[10,79.06],
[3,45.62],
[3,117.16],
[12,37.31],
[3,115.55],
[3,76.95],
[28,73.13],
[16,66.72],
[6,71.96],
[66,57.88],
[3,43.56],
[3,51.68],
[3,55.76],
[4,139.33],
[4,52.57],
[164,65.78],
[3,62.28],
[17,77.25],
[5,88.17],
[3,75.44],
[3,81.77],
[16,63.17],
[10,50.63],
[4,48.92],
[4,43.95],
[3,76.50],
[4,55.08],
[3,53.39],
[7,77.57],
[5,68.72],
[7,70.67],
[5,87.61],
[45,84.90],
[9,70.08],
[4,131.90],
[8,103.04],
[4,72.52],
[21,68.95],
[9,96.02],
[14,61.01],
[4,61.33],
[14,81.24],
[6,85.10],
[8,48.10],
[16,72.09],
[3,74.84],
[26,45.46],
[13,81.86],
[26,110.31],
[38,88.43],
[123,47.62],
[21,64.71],
[16,58.42],
[3,64.92],
[67,58.27],
[5,56.24],
[6,61.33],
[11,123.56],
[16,37.76],
[-4,139.33],
[40,93.92],
[3,72.88],
[4,101.46],
[13,128.01],
[-3,95.94],
[3,55.27],
[5,22.47],
[6,55.40],
[3,46.30],
[9,76.89],
[4,60.67],
[6,81.65],
[3,79.68],
[50,80.90],
[51,89.90],
[10,59.58],
[147,76.50],
[3,53.95],
[3,72.32],
[-4,139.33],
[6,162.50],
[8,45.87],
[4,60.80],
[5,49.64],
[7,82.11],
[11,95.92],
[3,54.92],
[7,111.07],
[3,76.50],
[20,65.30],
[21,108.98],
[9,48.44],
[7,52.07],
[3,55.60],
[3,66.53],
[5,36.97],
[3,73.73],
[3,102.45],
[17,79.43],
[3,69.66],
[3,69.78],
[3,118.68],
[12,82.48],
[35,108.98],
[-3,58.11],
[6,88.73],
[5,49.17],
[16,127.20],
[3,85.85],
[7,136.50],
[-9,139.33],
[6,77.98],
[3,82.48],
[7,53.91],
[3,106.04],
[3,86.45],
[5,108.96],
[-9,64.26],
[9,82.25],
[6,94.32],
[-4,100.71],
[17,45.09],
[3,62.50],
[4,34.59],
[14,127.22],
[6,70.82],
[3,86.92],
[3,73.17],
[-4,160.48],
[5,69.63],
[4,112.20],
[-4,118.76],
[3,89.53],
[-4,124.69],
[56,19.87],
[5,46.24],
[3,156.64],
[14,89.90],
[-8,60.18],
[7,61.34],
[5,160.48],
[5,87.87],
[6,86.71],
[18,71.53],
[11,81.07],
[45,108.70],
[37,32.70],
[8,80.78],
[4,108.27],
[6,66.86],
[3,72.28],
[14,49.66],
[3,58.53],
[22,31.12],
[4,87.08],
[-3,73.89],
[7,49.25],
[12,95.69],
[13,41.74],
[5,98.68],
[3,73.17],
[3,53.61],
[15,56.18],
[4,17.66],
[3,55.95],
[10,47.92],
[-4,47.04],
[4,50.24],
[3,57.96],
[3,71.28],
[8,48.56],
[6,70.05],
[3,70.67],
[20,65.56],
[-7,181.62],
[4,37.19],
[3,39.47],
[3,63.03],
[3,22.54],
[249,63.38],
[539,41.00],
[144,60.94],
[78,55.30],
[111,58.77],
[583,59.12],
[21,73.03],
[36,135.27],
[36,50.20],
[14,50.36],
[54,79.14],
[15,56.61],
[8,67.22],
[7,139.33],
[7,70.13],
[7,49.85],
[5,63.01],
[8,54.01],
[4,50.40],
[4,36.44],
[4,57.86],
[4,120.85],
[4,162.50],
[3,55.20],
[3,40.73],
[3,74.20],
[3,67.76],
[3,69.87],
[4,70.05],
[3,89.52],
[3,48.64],
[3,74.84],
[3,64.08],
[3,49.15],
[3,60.99],
[3,31.67],
[3,63.08],
[3,63.23],
[7,75.24],
[6,66.48],
[3,45.11],
[3,65.08],
[3,66.08],
[3,50.31],
[3,49.07],
[50,70.31],
[9,50.67],
[4,44.83],
[9,37.80],
[4,29.85],
[4,53.03],
[3,36.05],
[3,30.87],
[20,36.32],
[9,76.83],
[11,76.50],
[50,103.34],
[16,64.15],
[9,38.42],
[5,67.66],
[6,103.61],
[5,71.00],
[4,93.01],
[3,58.12],
[3,81.42],
[6,94.51],
[4,76.50],
[5,59.14],
[9,99.41],
[-7,62.29],
[32,175.59],
[30,66.00],
[13,42.79],
[11,69.67],
[7,92.89],
[6,75.84],
[4,76.77],
[4,78.55],
[3,78.17],
[3,84.46],
[3,139.30],
[3,21.37],
[3,22.75],
[3,154.38],
[3,92.97],
[7,84.90],
[4,125.62],
[4,108.63],
[13,48.78],
[5,52.91],
[25,29.52],
[3,77.41],
[3,84.15],
[-5,92.26],
[30,66.79],
[4,56.77],
[7,75.03],
[26,71.90],
[17,54.22],
[9,55.15],
[7,82.73],
[5,64.00],
[5,93.25],
[3,118.76],
[3,65.96],
[3,76.54],
[3,54.44],
[7,58.70],
[4,58.55],
[4,139.33],
[14,61.24],
[11,65.99],
[3,35.28],
[4,57.38],
[17,65.15],
[8,62.88],
[3,83.87],
[3,89.52],
[3,49.74],
[9,51.16],
[7,58.68],
[4,50.63],
[3,52.30],
[18,69.14],
[10,71.52],
[5,41.08],
[3,48.53],
[3,111.33],
[7,83.29],
[3,95.67],
[15,127.22],
[6,106.53],
[4,62.70],
[4,80.90],
[8,147.39],
[3,68.29],
[3,117.16],
[3,58.06],
[3,60.05],
[3,151.39],
[-11,37.90],
[4,96.49],
[3,88.91],
[17,74.37],
[3,78.55],
[21,50.23],
[41,74.52],
[14,61.89],
[4,50.63],
[6,139.33],
[4,58.01],
[5,37.10],
[3,94.51],
[9,37.96],
[3,58.43],
[-4,66.37],
[6,65.56],
[3,72.51],
[3,116.65],
[3,63.06],
[3,71.14],
[-12,56.69],
[4,39.86],
[3,47.12],
[169,83.49],
[195,62.83],
[304,91.78],
[254,135.27],
[31,57.18],
[59,56.04],
[28,89.18],
[23,54.21],
[174,72.80],
[21,50.03],
[86,34.00],
[21,61.67],
[51,138.25],
[16,63.70],
[14,66.35],
[14,76.75],
[23,47.46],
[11,77.81],
[8,25.27],
[10,67.15],
[8,80.25],
[17,53.55],
[38,53.83],
[8,55.95],
[9,38.49],
[9,63.35],
[7,73.17],
[6,58.77],
[12,82.12],
[5,53.64],
[101,30.59],
[14,80.43],
[9,63.49],
[4,108.67],
[5,41.57],
[5,50.10],
[5,68.14],
[4,58.60],
[6,74.79],
[4,37.94],
[4,56.69],
[3,62.86],
[5,69.60],
[3,101.98],
[3,64.22],
[3,63.87],
[3,86.56],
[3,45.79],
[4,43.85],
[4,63.02],
[5,69.32],
[227,35.51],
[52,40.35],
[75,35.31],
[21,57.39],
[53,54.67],
[6,60.03],
[11,72.18],
[25,77.42],
[13,57.73],
[17,81.63],
[10,92.06],
[6,100.02],
[4,58.13],
[3,48.82],
[71,48.23],
[21,53.12],
[9,78.25],
[6,49.91],
[7,39.43],
[5,55.39],
[5,52.31],
[5,68.70],
[4,45.98],
[89,20.54],
[12,70.49],
[22,139.33],
[46,151.39],
[18,162.50],
[9,92.00],
[4,106.53],
[16,51.18],
[18,109.13],
[4,136.62],
[3,37.90],
[3,34.38],
[3,113.10],
[5,134.14],
[6,109.79],
[-5,76.37],
[17,37.52],
[11,48.05],
[7,63.17],
[9,51.20],
[4,70.79],
[5,50.04],
[6,82.94],
[6,59.61],
[4,118.51],
[3,61.11],
[-5,118.43],
[3,67.35],
[5,72.51],
[10,52.58],
[12,28.05],
[17,99.06],
[10,54.85],
[3,37.66],
[5,83.12],
[-4,69.99],
[27,76.27],
[24,135.27],
[4,85.16],
[7,114.62],
[4,84.39],
[3,53.51],
[10,81.14],
[3,69.79],
[3,38.46],
[30,112.09],
[15,78.11],
[4,79.70],
[3,50.70],
[3,91.06],
[19,134.08],
[4,118.18],
[8,106.60],
[7,58.80],
[5,59.36],
[3,29.93],
[3,61.33],
[16,85.00],
[5,57.52],
[5,78.89],
[3,65.25],
[3,40.67],
[13,30.65],
[5,30.32],
[5,64.31],
[-3,42.06],
[5,45.70],
[11,134.08],
[6,139.33],
[5,16.77],
[3,48.10],
[4,81.24],
[6,51.28],
[4,65.89],
[3,80.20],
[4,65.30],
[3,72.83],
[3,81.51],
[5,66.02],
[1089,66.97],
[215,54.71],
[54,47.30],
[272,70.21],
[77,19.21],
[43,43.81],
[15,42.92],
[49,85.70],
[11,118.18],
[93,106.53],
[5,80.20],
[5,108.83],
[5,57.10],
[4,54.44],
[4,57.55],
[3,90.11],
[3,59.30],
[3,87.41],
[8,41.59],
[12,81.59],
[12,57.79],
[3,61.45],
[3,54.21],
[3,92.43],
[5,108.70],
[6,110.95],
[3,49.55],
[4,75.46],
[3,138.46],
[-3,103.54],
[-3,181.62],
[-4,58.47],
[177,84.81],
[23,122.00],
[14,78.38],
[11,50.71],
[9,99.53],
[8,73.60],
[8,65.17],
[20,92.77],
[5,74.46],
[4,139.33],
[4,97.00],
[4,126.20],
[4,89.74],
[9,117.05],
[4,58.43],
[4,80.31],
[3,98.00],
[3,59.07],
[3,64.71],
[3,82.35],
[233,67.39],
[57,83.32],
[64,82.16],
[92,82.34],
[41,62.38],
[23,65.77],
[20,85.03],
[6,34.87],
[3,87.40],
[3,69.20],
[3,23.88],
[7,63.87],
[3,54.69],
[3,51.31],
[3,72.46],
[-3,41.69],
[36,53.45],
[145,153.54],
[47,91.68],
[11,38.06],
[16,73.22],
[6,97.03],
[13,56.91],
[4,55.88],
[4,51.03],
[5,49.04],
[5,58.68],
[7,33.88],
[3,44.41],
[-5,54.57],
[99,55.27],
[83,66.97],
[6,62.45],
[5,101.93],
[4,79.51],
[4,54.01],
[4,45.73],
[7,80.20],
[18,54.80],
[3,48.85],
[4,19.56],
[3,61.22],
[3,59.37],
[3,62.66],
[3,69.85],
[3,73.04],
[3,65.19],
[3,43.29],
[3,54.56],
[3,87.18],
[3,59.68],
[3,57.57],
[-6,66.12],
[-6,139.33],
[-11,139.33],
[-19,139.33],
[53,75.32],
[14,42.59],
[4,56.78],
[3,38.35],
[-18,139.33],
[129,100.07],
[20,53.02],
[131,101.93],
[47,49.48],
[68,59.39],
[12,49.81],
[4,38.17],
[17,96.01],
[10,69.86],
[10,69.55],
[11,75.41],
[13,46.47],
[3,70.08],
[-5,46.42],
[11,30.19],
[11,99.37],
[8,181.62],
[26,167.92],
[7,62.35],
[3,52.14],
[3,118.18],
[27,118.18],
[9,84.92],
[16,77.97],
[15,167.92],
[5,59.27],
[4,54.34],
[3,18.69],
[-4,90.09],
[-7,84.46],
[-3,35.39],
[15,108.96],
[107,35.97],
[15,66.53],
[-4,81.26],
[14,63.49],
[6,69.78],
[4,52.23],
[3,44.01],
[4,98.25],
[40,84.74],
[21,89.58],
[6,59.92],
[11,97.00],
[6,69.14],
[-4,108.14],
[29,67.00],
[7,81.65],
[4,77.65],
[4,51.74],
[4,48.10],
[3,73.04],
[3,57.07],
[3,56.41],
[5,86.70],
[32,64.50],
[10,99.72],
[8,58.36],
[5,61.35],
[4,80.92],
[8,52.09],
[5,68.94],
[6,64.15],
[6,71.75],
[10,77.68],
[9,63.95],
[4,72.51],
[-5,77.33],
[35,68.82],
[35,117.67],
[26,48.64],
[13,80.84],
[15,86.60],
[10,89.90],
[16,35.69],
[8,59.09],
[8,66.79],
[6,75.42],
[6,103.54],
[5,70.04],
[3,68.43],
[4,81.26],
[4,78.55],
[4,127.22],
[4,68.69],
[3,69.20],
[3,69.62],
[4,71.40],
[3,114.07],
[3,111.24],
[3,80.31],
[3,64.47],
[3,68.50],
[3,69.87],
[-8,121.17],
[7,51.74],
[10,39.33],
[9,78.82],
[4,78.77],
[3,36.16],
[3,45.03],
[3,75.88],
[3,60.47],
[5,61.88],
[5,46.81],
[14,66.79],
[11,45.76],
[17,56.36],
[6,54.34],
[4,70.44],
[4,54.82],
[3,67.67],
[11,51.60],
[3,82.20],
[-3,66.33],
[7,67.82],
[5,81.63],
[-15,96.14],
[3,95.37],
[3,84.15],
[3,47.77],
[3,72.42],
[3,59.91],
