["Score", "Readability"],
[3,92.06],
[3,117.16],
[61,84.90],
[3,139.33],
[13,90.05],
[4,108.70],
[12,59.68],
[8,158.44],
[43,73.85],
[12,74.02],
[5,115.64],
[75,67.80],
[28,147.39],
[9,120.55],
[13,64.30],
[11,66.40],
[6,84.45],
[89,96.02],
[3,76.50],
[56,117.67],
[7,128.75],
[5,73.85],
[4,85.89],
[3,151.93],
[7,108.96],
[51,62.17],
[3,77.78],
[15,102.05],
[14,94.30],
[-3,117.67],
[4,95.95],
[3,101.04],
[-11,118.18],
[12,36.10],
[100,125.62],
[4,63.61],
[5,30.33],
[295,92.63],
[4,123.20],
[4,118.76],
[7,72.51],
[4,108.98],
[14,91.81],
[6,76.46],
[3,50.19],
[9,135.27],
[23,70.08],
[-4,116.15],
[4,108.97],
[11,127.07],
[-7,115.64],
[3,17.34],
[-3,85.07],
[7,81.35],
[5,76.55],
[9,130.85],
[52,120.61],
[18,97.00],
[5,30.02],
[3,77.86],
[4,94.78],
[4,93.30],
[4,132.68],
[6,26.53],
[3,118.18],
[3,118.51],
[5,69.59],
[26,103.54],
[7,100.24],
[7,121.22],
[5,149.90],
[25,130.25],
[3,147.42],
[5,73.85],
[10,108.27],
[3,124.69],
[7,94.30],
[3,68.94],
[4,64.93],
[5,92.65],
[4,80.90],
[3,144.63],
[7,147.39],
[3,41.18],
[6,94.30],
[3,61.74],
[3,98.25],
[4,88.91],
[3,90.33],
[3,59.22],
[3,127.07],
[4,90.96],
[3,36.68],
[4,125.90],
[4,61.33],
[3,71.82],
[3,108.98],
[-3,82.43],
[199,52.87],
[16,55.93],
[28,117.16],
[13,76.30],
[4,95.03],
[68,95.03],
[22,64.68],
[8,93.47],
[28,70.80],
[3,52.13],
[5,103.13],
[22,107.01],
[3,116.65],
[3,44.24],
[3,75.77],
[-4,32.79],
[4,108.70],
[3,27.99],
[-6,-5.73],
[4,63.95],
[3,103.66],
[17,78.35],
[3,76.43],
[4,76.93],
[4,67.08],
[24,-2.82],
[4,111.07],
[4,102.20],
[17,59.80],
[18,128.59],
[11,145.87],
[-10,103.04],
[15,101.98],
[50,107.60],
[10,84.92],
[5,98.25],
[-27,103.69],
[87,72.89],
[10,55.01],
[3,100.00],
[41,91.60],
[58,90.96],
[28,11.27],
[4,142.85],
[11,103.01],
[5,3.95],
[10,13.95],
[16,67.91],
[3,113.10],
[3,79.35],
[7,103.70],
[-8,46.86],
[8,68.04],
[5,53.03],
[3,84.84],
[7,95.56],
[15,151.39],
[3,95.90],
[94,56.96],
[3,102.62],
[3,80.31],
[15,79.99],
[3,123.20],
[7,30.02],
[72,84.90],
[6,65.31],
[69,83.01],
[3,60.76],
[-3,129.00],
[24,56.95],
[9,74.81],
[6,132.03],
[5,79.35],
[4,75.43],
[5,127.31],
[4,76.23],
[3,55.40],
[11,71.78],
[15,111.13],
[-3,70.80],
[17,65.30],
[-4,60.96],
[3,6.36],
[6,76.97],
[-4,108.70],
[3,103.01],
[4,91.78],
[8,44.83],
[3,145.84],
[-5,48.02],
[5,36.47],
[4,99.23],
[-3,134.14],
[-3,123.20],
[11,25.82],
[3,103.62],
[-6,92.97],
[-5,77.46],
[4,119.19],
[3,60.06],
[4,24.38],
[9,94.63],
[31,78.25],
[3,120.55],
[6,35.94],
[11,68.85],
[9,108.27],
[4,75.18],
[3,59.75],
[3,61.24],
[6,51.50],
[5,145.84],
[4,103.54],
[70,65.30],
[4,93.58],
[-7,83.36],
[3,131.90],
[14,66.10],
[16,81.86],
[3,100.24],
[21,95.89],
[9,136.62],
[4,103.21],
[3,57.52],
[3,122.50],
[4,119.19],
[4,48.68],
[3,133.29],
[3,69.14],
[3,50.61],
[-3,62.82],
[-12,78.79],
[3,145.84],
[3,65.01],
[5,46.64],
[9,97.03],
[-5,83.36],
[3,99.37],
[3,80.87],
[3,83.71],
[5,59.72],
[8,59.41],
[5,48.92],
[13,71.77],
[3,100.24],
[9,102.78],
[3,161.49],
[6,70.48],
[5,63.14],
[35,118.18],
[11,109.04],
[21,75.71],
[5,95.95],
[5,81.86],
[3,87.95],
[30,114.12],
[4,113.10],
[4,139.30],
[3,72.52],
[-15,116.15],
[5,78.87],
[8,137.47],
[3,80.31],
[5,90.05],
[3,50.70],
[4,28.02],
[3,122.50],
[-4,116.65],
[-7,71.82],
[4,65.17],
[3,70.08],
[9,127.22],
[3,32.03],
[3,67.53],
[3,100.24],
[21,86.42],
[5,110.57],
[4,153.54],
[5,85.85],
[4,67.97],
[-28,103.62],
[3,103.70],
[3,110.82],
[3,87.28],
[6,53.39],
[3,122.50],
[5,95.17],
[4,134.08],
[-7,100.96],
[4,65.49],
[-15,107.01],
[7,39.31],
[4,77.40],
[30,95.94],
[12,139.30],
[8,139.33],
[4,46.98],
[7,66.13],
[-3,84.90],
[17,48.72],
[6,93.17],
[5,56.77],
[-4,32.09],
[3,162.50],
[3,95.17],
[3,72.62],
[6,38.21],
[-3,112.09],
[3,76.59],
[6,91.17],
[4,52.00],
[6,97.70],
[3,67.76],
[3,93.33],
[11,96.49],
[14,85.86],
[3,111.46],
[7,43.09],
[3,79.12],
[3,94.51],
[10,124.69],
[3,107.01],
[3,122.06],
[10,98.87],
[4,127.13],
[3,103.26],
[26,77.11],
[11,95.87],
[3,108.83],
[-7,51.45],
[5,118.18],
[3,118.06],
[7,64.15],
[558,117.67],
[408,96.11],
[193,83.86],
[40,102.78],
[450,87.95],
[35,60.63],
[89,57.07],
[18,106.60],
[101,87.13],
[12,127.22],
[23,122.50],
[5,77.09],
[3,79.35],
[74,116.65],
[15,97.03],
[11,160.48],
[9,98.88],
[4,118.68],
[3,78.30],
[3,116.65],
[3,57.07],
[3,84.90],
[3,120.97],
[3,66.10],
[3,75.34],
[3,130.78],
[3,154.94],
[8,99.53],
[6,68.80],
[9,77.50],
[9,91.78],
[10,63.61],
[4,92.97],
[4,109.10],
[9,93.58],
[3,69.14],
[5,112.65],
[3,57.18],
[4,108.27],
[5,61.33],
[3,108.27],
[3,109.04],
[3,43.09],
[3,110.06],
[4,54.73],
[-6,58.87],
[-4,73.17],
[-5,96.11],
[-4,113.81],
[-6,63.27],
[-3,134.14],
[87,15.67],
[40,61.77],
[191,16.46],
[12,13.84],
[5,58.40],
[6,114.62],
[6,52.86],
[25,38.47],
[51,40.11],
[26,43.72],
[9,51.04],
[4,55.18],
[7,45.78],
[10,45.65],
[3,66.72],
[3,54.62],
[3,47.30],
[3,28.00],
[3,74.02],
[-6,61.61],
[-6,45.98],
[-5,53.88],
[-4,114.07],
[-3,64.29],
[-11,26.95],
[-6,34.27],
[-4,23.11],
[-6,32.97],
[-5,80.83],
[-4,44.97],
[-7,53.89],
[-16,53.66],
[-23,82.43],
[-6,53.86],
[-5,68.53],
[-6,65.14],
[-7,49.52],
[-9,71.29],
[-42,139.33],
[-3,99.49],
[-3,28.22],
[-3,58.87],
[26,48.08],
[20,71.82],
[14,67.26],
[11,95.17],
[8,47.63],
[6,103.54],
[7,181.62],
[4,100.24],
[3,100.24],
[3,79.09],
[3,70.08],
[3,95.85],
[3,87.41],
[3,124.69],
[6,117.16],
[5,125.62],
[3,105.66],
[3,115.13],
[6,90.09],
[10,70.59],
[7,99.23],
[4,99.27],
[3,10.68],
[-3,119.19],
[6,78.31],
[3,91.66],
[5,11.33],
[3,79.68],
[4,68.65],
[3,89.52],
[3,74.02],
[4,133.90],
[3,81.14],
[4,90.38],
],
