["Score", "Readability"],
[23,66.40],
[5,147.39],
[194,105.09],
[31,71.52],
[4,126.45],
[412,69.78],
[421,69.78],
[17,39.56],
[18,39.56],
[107,120.71],
[5,91.69],
[12,87.68],
[13,87.68],
[13,75.32],
[487,75.50],
[491,75.50],
[197,44.05],
[14,78.77],
[16,78.77],
[138,42.12],
[140,42.12],
[98,100.24],
[99,100.24],
[2194,90.99],
[817,56.25],
[821,56.25],
[2021,67.54],
[2024,67.54],
[3801,83.01],
[3805,83.01],
[1821,103.04],
[20,81.71],
[30,102.62],
[362,41.02],
[363,41.02],
[427,108.96],
[431,108.96],
[287,62.79],
[288,62.79],
[147,94.51],
[14,112.09],
[229,102.95],
[230,102.95],
[-103,73.80],
[15,109.13],
[19,109.13],
[7,54.96],
[-8,151.00],
[139,15.47],
[141,15.47],
[3,101.55],
[8,144.35],
[544,62.82],
[548,62.82],
[82,68.30],
[6,181.62],
[116,40.09],
[121,40.09],
[87,151.00],
[88,151.00],
[45,87.75],
[666,81.21],
[671,81.21],
[5,83.10],
[6,83.10],
[5,42.72],
[3,66.40],
[6,82.32],
[7,82.32],
[8,38.59],
[30,67.76],
[11,92.06],
[12,92.06],
[20,129.35],
[510,71.77],
[118,56.57],
[120,56.57],
[20,136.47],
[21,136.47],
[1007,69.59],
[8,115.13],
[281,88.91],
[20,118.85],
[21,118.85],
[11,15.47],
[12,15.47],
[40,114.12],
[41,114.12],
[3,103.54],
[3,66.64],
[7,66.64],
[199,73.85],
[202,73.85],
[86,117.11],
[6,66.10],
[7,66.10],
[4,98.31],
[23,49.25],
[24,49.25],
[165,103.01],
[429,65.57],
[436,65.57],
[105,77.34],
[106,77.34],
[154,95.56],
[155,95.56],
[31,108.96],
[34,108.96],
[32,93.70],
[33,93.70],
[11,84.45],
[421,103.54],
[27,85.38],
[28,85.38],
[10,108.63],
[9,108.63],
[4,87.95],
[2312,84.64],
[2318,84.64],
[4,8.67],
[6,8.67],
[82,36.87],
[83,36.87],
[44,36.87],
[48,36.87],
[85,36.87],
[42,83.32],
[354,59.68],
[357,59.68],
[3,75.14],
[6,118.18],
[7,118.18],
[6,60.23],
[7,60.23],
[11,65.80],
[9,90.96],
[8,135.27],
[3,119.19],
[16,81.86],
[18,81.86],
[72,82.48],
[73,82.48],
[3,90.96],
[14,63.61],
[15,63.61],
[62,88.00],
[63,88.00],
[308,82.39],
[314,82.39],
[4,62.79],
[434,75.72],
[438,75.72],
[53,107.55],
[3,72.62],
[11,105.16],
[6,110.06],
[7,110.06],
[222,-6.02],
[4,94.78],
[10,61.45],
[3,18.18],
[5,127.22],
[35,108.37],
[6,97.03],
[8,97.03],
[5,88.59],
[4,70.34],
[57,119.19],
[-4,160.48],
[6,92.06],
[3,86.71],
[8,114.07],
[4,118.68],
[18,83.01],
[24,69.30],
[7,86.42],
[13,107.86],
[3,103.04],
[11,48.68],
[13,48.68],
[4,74.81],
[-5,36.87],
[38,85.07],
[39,85.07],
[38,55.70],
[41,55.70],
[398,88.73],
[77,58.41],
[5,66.46],
[809,83.32],
[-17,27.62],
[-19,40.49],
[70,63.61],
[73,63.61],
[7,117.16],
[12,94.51],
[11,120.46],
[16,46.46],
[191,49.17],
[-8,-8.72],
[71,121.22],
[514,71.73],
[519,71.73],
[6,97.70],
[223,77.40],
[224,77.40],
[4,34.59],
[5,34.59],
[19,88.73],
[20,88.73],
[56,84.81],
[6,95.70],
[242,-1.28],
[245,-1.28],
[12,68.83],
[7,92.97],
[3,97.03],
[38,76.59],
[7,47.32],
[9,47.32],
[4,66.80],
[40,73.43],
[4,102.05],
[3,101.37],
[109,52.87],
[3,127.07],
[-3,61.33],
[-5,61.33],
[14,74.02],
[15,74.02],
[6,84.21],
[6,50.44],
[7,50.44],
[5,78.87],
[4,83.85],
[4,78.20],
[3,103.54],
[57,80.10],
[3,59.21],
[7,71.53],
[6,94.30],
[7,94.30],
[5,115.13],
[5,73.93],
[6,67.16],
[8,97.03],
[27,60.71],
[265,76.55],
[4,118.18],
[3,88.91],
[65,57.23],
[4,129.00],
[45,75.20],
[48,75.20],
[32,41.02],
[3,78.25],
[174,103.65],
[177,103.65],
[121,82.43],
[123,82.43],
[3,103.70],
[4,72.83],
[5,82.39],
[59,86.45],
[63,86.45],
[6,70.67],
[133,103.04],
[93,108.98],
[95,108.98],
[29,74.98],
[10,33.39],
[11,33.39],
[17,87.41],
[18,87.41],
[3,78.81],
[1235,87.28],
[1648,63.88],
[1666,63.88],
[3,41.02],
[4,41.02],
[6,111.07],
[14,71.77],
[3,114.62],
[10,75.50],
[11,75.50],
[11,100.24],
[19,35.61],
[3,65.10],
[30,73.38],
[34,73.38],
[5,99.41],
[-4,120.21],
[4,61.89],
[3,80.10],
[3,62.88],
[1134,36.33],
[1141,36.33],
[3,103.70],
[5,88.06],
[6,88.06],
[3,92.97],
[3,116.15],
[5,66.10],
[3,89.52],
[3,86.45],
[23,81.24],
[3,82.39],
[3,79.83],
[6,108.70],
[9,98.31],
[6,92.97],
[8,103.04],
[3,60.19],
[7,54.56],
[8,54.56],
[3,22.00],
[3,103.04],
[106,100.55],
[107,100.55],
[4,90.02],
[3,96.37],
[29,98.68],
[32,98.68],
[3,95.87],
[74,79.56],
[7,82.59],
[280,114.12],
[283,114.12],
[4,61.13],
[3,141.76],
[4,100.07],
[70,103.04],
[71,103.04],
[3,68.99],
[4,23.93],
[5,120.21],
[-3,70.08],
[14,119.87],
[17,119.87],
[17,41.87],
[4,77.10],
[4,116.15],
[8,87.54],
[9,87.54],
[78,63.86],
[3,106.60],
[3,78.11],
[4,78.11],
[41,104.06],
[42,104.06],
[4,99.37],
[-5,135.27],
[28,117.16],
[301,14.81],
[310,14.81],
[4,81.59],
[17,53.77],
[18,53.77],
[11,73.48],
[4,109.97],
[6,63.25],
[399,44.97],
[408,44.97],
[3,68.93],
[5,69.63],
[173,60.28],
[91,124.69],
[16,98.55],
[3,119.95],
[5,86.45],
[4,89.61],
[-8,175.59],
[3,87.68],
[10,108.70],
[9,108.70],
[10,33.58],
[11,33.58],
[9,97.70],
[-4,137.89],
[-5,137.89],
[-3,84.45],
[597,78.92],
[603,78.92],
[6,117.67],
[3,75.34],
[5,104.62],
[20,97.03],
[2859,98.68],
[2873,98.68],
[668,64.92],
[670,64.92],
[15,-6.02],
[100,115.64],
[99,115.64],
[-12,76.06],
[-14,76.06],
[386,34.59],
[391,34.59],
[3,91.81],
[47,94.30],
[48,94.30],
[3,95.69],
[28,72.83],
[10,117.16],
[11,117.16],
[11,89.60],
[4,40.09],
[3,118.68],
[7,154.94],
[50,89.47],
[495,135.16],
[505,135.16],
[6,103.01],
[7,103.01],
[6,119.19],
[7,119.19],
[-3,34.59],
[55,71.77],
[58,71.77],
[-5,85.82],
[124,94.30],
[128,94.30],
[12,45.21],
[3,94.51],
[7,-6.69],
[8,-6.69],
[13,73.80],
[3,109.79],
[43,84.90],
[33,80.47],
[37,80.47],
[28,66.79],
[32,66.79],
[27,66.79],
[31,66.79],
[229,103.54],
[230,103.54],
[3,77.81],
[-12,147.39],
[5,86.71],
[8,85.89],
[3,78.87],
[230,60.05],
[236,60.05],
[4,147.39],
[5,147.39],
[3,147.39],
[19,69.23],
[21,69.23],
[7,90.96],
[3,103.29],
[6,90.99],
[7,90.99],
[191,67.76],
[-3,51.03],
[-7,68.94],
[28,63.58],
[30,63.58],
[70,95.17],
[73,95.17],
[6,90.99],
[8,90.99],
[3,61.24],
[3,35.94],
[3,4.33],
[3,39.59],
[-7,103.54],
[-8,103.54],
[1029,86.87],
[1038,86.87],
[5,80.78],
[29,91.78],
[4,73.85],
[-4,75.50],
[3,160.48],
[-13,67.26],
[-11,83.10],
[-9,83.10],
[-5,38.54],
[-6,38.54],
[7,73.75],
[8,73.75],
[43,62.31],
[47,62.31],
[113,67.26],
[117,67.26],
[517,91.60],
[532,91.60],
[153,75.88],
[154,75.88],
[3,19.46],
[3,107.60],
[2197,119.70],
[2239,119.70],
[-3,52.11],
[152,8.67],
[155,8.67],
[61,101.26],
[65,101.26],
[5,127.07],
[28,73.17],
[10,106.25],
[12,106.25],
[234,114.12],
[243,114.12],
[84,203.79],
[1090,86.71],
[1113,86.71],
[6,85.24],
[7,85.24],
[4,53.16],
[5,53.16],
[23,75.12],
[26,75.12],
[16,99.40],
[18,99.40],
[-6,27.49],
[-7,27.49],
[3,85.35],
[-5,117.50],
[38,76.50],
[39,76.50],
[74,64.01],
[35,64.71],
[37,64.71],
[23,77.67],
[25,77.67],
[-7,90.99],
[389,36.01],
[391,36.01],
[6,75.89],
[7,75.89],
[3,68.66],
[13,147.39],
[15,147.39],
[17,73.85],
[18,73.85],
[433,97.83],
[447,97.83],
[5,80.99],
[7,110.06],
[11,89.61],
[14,8.42],
[15,8.42],
[101,136.62],
[96,136.62],
[3,117.67],
[-3,61.99],
[255,59.07],
[263,59.07],
[17,101.93],
[-3,69.99],
[-5,69.99],
[4,77.23],
[12,119.19],
[182,96.58],
[192,96.58],
[6,98.50],
[4,87.95],
[6,51.79],
[7,51.79],
[60,86.42],
[63,86.42],
[4,119.19],
[10,30.53],
[12,30.53],
[11,117.67],
[12,117.67],
[11,20.16],
[9,20.16],
[3,115.13],
[3,118.58],
[139,109.13],
[148,109.13],
[4,88.74],
[17,63.24],
[19,63.24],
[-4,78.87],
[-5,78.87],
[4,126.45],
[3,64.27],
[5,73.85],
[5,60.10],
[5,88.82],
[4,162.50],
[-3,134.08],
[4,181.62],
[5,57.11],
[3,55.12],
[7,111.07],
[9,111.07],
[3,81.79],
[41,68.08],
[43,68.08],
[21,71.28],
[23,71.28],
[6,58.73],
[7,58.73],
[28,78.97],
[29,78.97],
[-12,50.29],
[954,44.14],
[970,44.14],
[5,147.39],
[6,147.39],
[498,68.94],
[531,68.94],
[122,67.80],
[129,67.80],
[4,101.98],
[12,103.04],
[14,103.04],
[3,61.08],
[10,83.73],
[11,83.73],
[16,72.27],
[17,72.27],
[3,103.70],
[17,63.61],
[18,63.61],
[3,102.05],
[7,39.33],
[43,39.12],
[46,39.12],
[3,76.83],
[-43,102.05],
[-3,104.08],
[4,66.42],
[3,64.92],
[3,75.14],
[3,86.71],
[20,72.19],
[4,78.95],
[5,78.95],
[9,79.81],
[42,72.49],
[45,72.49],
[12,119.70],
[3,160.48],
[7,90.96],
[8,90.96],
[4,75.88],
[95,83.32],
[97,83.32],
[3,74.27],
[7,103.38],
[6,68.98],
[-3,78.25],
[5,80.90],
[6,80.90],
[3,84.90],
[3,67.53],
[67,79.80],
[3,81.42],
[4,81.42],
[7,106.60],
[1100,78.87],
[1150,78.87],
[3,88.00],
[3,70.93],
[4,118.18],
[5,118.18],
[3,58.13],
[20,63.87],
[21,63.87],
[4,68.69],
[3,54.70],
[36,72.74],
[38,72.74],
[35,68.41],
[36,68.41],
[16,47.38],
[9,144.35],
[4,42.15],
[16,103.54],
[17,103.54],
[3,48.64],
[6,142.85],
[14,70.05],
[4,46.17],
[4,151.00],
[5,151.00],
[5,72.89],
[5,54.71],
[6,54.71],
[13,67.16],
[14,67.16],
[4,101.27],
[-5,51.03],
[24,36.11],
[25,36.11],
[-4,54.82],
[4,113.70],
[157,70.51],
[163,70.51],
[3,68.44],
[47,90.33],
[50,90.33],
[3,84.92],
[4,56.98],
[3,85.89],
[21,67.42],
[22,67.42],
[3,89.47],
[10,136.62],
[9,136.62],
[202,8.67],
[3,90.96],
[66,95.95],
[69,95.95],
[-16,55.93],
[-17,55.93],
[3,82.43],
[7,52.55],
[8,52.55],
[3,-6.22],
[316,66.97],
[341,66.97],
[105,34.59],
[113,34.59],
[17,78.62],
[19,78.62],
[50,60.89],
[51,60.89],
[12,76.89],
[5,74.73],
[19,58.56],
[24,58.56],
[16,47.43],
[18,47.43],
[3,62.79],
[4,62.79],
[3,83.32],
[3,36.62],
[11,75.77],
[8,75.77],
[3,61.27],
[3,11.98],
[4,11.98],
[7,75.77],
[8,75.77],
[3,82.48],
[9,41.65],
[19,82.80],
[30,82.80],
[10,77.78],
[9,77.78],
[11,69.83],
[8,69.83],
[-4,53.12],
[7,34.79],
[9,34.79],
[13,32.91],
[9,32.91],
[586,133.90],
[5,117.67],
[17,83.10],
[225,72.47],
[39,62.62],
[26,90.01],
[22,117.67],
[445,90.99],
[274,81.97],
[12,94.30],
[3,139.30],
[6,71.70],
[77,167.92],
[11,122.15],
[73,78.92],
[26,103.54],
[15,96.11],
[-9,139.33],
[985,112.79],
[70,115.13],
[37,122.06],
[13,101.27],
[1546,87.87],
[82,114.07],
[3,135.27],
[3,34.89],
[3,167.92],
[4,97.71],
[31,172.55],
[25,57.70],
[141,70.48],
[-8,113.10],
[-13,80.31],
[6,41.94],
[6,154.94],
[2064,84.15],
[30,129.00],
[741,111.07],
[37,167.92],
[77,69.90],
[-22,112.09],
[23,84.45],
[63,102.05],
[770,36.11],
[668,71.07],
[4,151.00],
[94,58.25],
[4,92.17],
[133,93.70],
[6,145.87],
[-17,127.22],
[6,117.16],
[4,125.62],
[14,144.35],
[85,103.54],
[11,115.13],
[35,94.30],
[116,95.69],
[1143,108.27],
[8,81.42],
[373,100.07],
[5,72.52],
[233,108.83],
[28,76.27],
[18,81.42],
[57,42.33],
[4,65.73],
[6,121.22],
[37,109.13],
[13,90.05],
[77,41.02],
[18,76.27],
[13,69.78],
[4,99.02],
[6,100.24],
[4,60.74],
[26,121.22],
[9,75.94],
[288,118.76],
[3,97.03],
[10,94.30],
[8,90.96],
[65,102.62],
[211,95.42],
[3,62.05],
[4,149.90],
[3,90.99],
[39,136.47],
[9,101.98],
[158,72.61],
[12,65.73],
[35,90.09],
[306,82.43],
[9,139.30],
[13,104.98],
[4,124.34],
[4,139.33],
[21,56.35],
[777,103.69],
[-3,139.33],
[4,103.62],
[629,53.43],
[-5,112.65],
[3,71.77],
[14,97.70],
[281,75.14],
[3,79.62],
[9,124.73],
[4,87.41],
[264,76.59],
[6,88.91],
[31,82.43],
[249,109.13],
[12,55.22],
[55,103.54],
[3,134.08],
[17,103.38],
[5,80.20],
[9,86.71],
[12,95.67],
[53,98.25],
[611,64.31],
[16,73.17],
[1711,80.69],
[90,102.53],
[3,100.57],
[453,80.07],
[3,103.38],
[53,55.89],
[6,130.85],
[3,110.06],
[45,84.45],
[7,57.16],
[175,86.26],
[47,114.12],
[6,127.07],
[45,84.90],
[-3,144.35],
[3,93.70],
[3,102.78],
[155,87.35],
[20,70.46],
[6,114.12],
[26,103.70],
[26,84.45],
[37,151.00],
[-19,80.06],
[-3,128.75],
[3,66.80],
[4,72.04],
[1593,111.10],
[976,68.94],
[16,116.65],
[8,108.70],
[6,49.71],
[5,87.80],
[4,98.68],
[6,63.49],
[58,78.90],
[5,70.63],
[8,127.22],
[18,127.22],
[-5,77.68],
[4,87.95],
[139,109.10],
[77,66.74],
[5,57.92],
[-4,110.82],
[23,70.35],
[21,65.17],
[14,73.17],
[7,106.60],
[5,99.06],
[90,119.95],
[11,99.49],
[38,81.24],
[70,-4.71],
[12,115.64],
[5,112.09],
[27,25.80],
[11,84.92],
[1059,19.02],
[6,82.19],
[9,84.15],
[4,160.48],
[6,37.59],
[55,68.82],
[21,152.34],
[10,181.62],
[48,63.37],
[102,-1.28],
[3,139.30],
[5,56.13],
[4,122.80],
[9,67.53],
[20,83.01],
[34,62.18],
[-3,83.32],
[4,135.77],
[3,95.44],
[49,83.32],
[6,71.03],
[33,40.74],
[3,99.74],
[173,109.10],
[69,112.09],
[3,72.62],
[4,74.81],
[3,130.25],
[6,95.95],
[6,137.99],
[4,82.35],
[-12,61.75],
[272,52.65],
[57,78.92],
[59,57.10],
[4,55.42],
[3,68.56],
[111,92.06],
[28,59.68],
[3,43.93],
[4,78.81],
[7,119.70],
[37,99.37],
[5,92.92],
[3,132.54],
[7,92.97],
[13,116.15],
[3,83.38],
[4,60.48],
[258,88.34],
[4,116.15],
[8,72.13],
[3,95.95],
[727,67.11],
[50,55.18],
[-4,84.81],
[41,112.09],
[3,79.80],
[19,45.54],
[4,130.25],
[-4,100.24],
[3,95.69],
[15,130.10],
[3,95.73],
[3,130.25],
[3,91.61],
[10,55.39],
[-4,83.95],
[59,83.19],
[3,122.50],
[4,78.87],
[127,111.52],
[60,35.86],
[4,111.13],
[13,101.51],
[31,88.91],
[11,80.79],
[71,134.08],
[3,60.71],
[6,111.07],
[4,35.35],
[57,58.65],
[8,58.79],
[48,92.97],
[120,76.93],
[9,92.97],
[3,42.62],
[21,91.78],
[7,134.08],
[3,116.15],
[8,78.87],
[54,59.28],
[2763,29.00],
[3,125.23],
[3,119.95],
[3,99.27],
[15,96.01],
[3,114.12],
[309,78.25],
[19,120.21],
[5,77.46],
[15,111.07],
[59,100.07],
[-8,64.92],
[3,56.76],
[9,111.07],
[5,88.91],
[14,95.42],
[412,69.59],
[4,47.68],
[-4,117.67],
[8,96.58],
[22,40.89],
[73,60.19],
[6,90.33],
[4,81.14],
[5,78.25],
[5,127.22],
[3,103.65],
[3,141.67],
[61,81.97],
[11,92.59],
[-28,14.27],
[7,71.29],
[3,151.00],
[3,122.15],
[3,96.11],
[10,64.62],
[5,151.00],
[23,59.63],
[4,108.70],
[24,109.13],
[15,100.96],
[3,100.24],
[-6,76.97],
[3,65.73],
[3,127.31],
[3,104.47],
[1602,60.23],
[11,34.59],
[9,99.23],
[216,4.71],
[14,82.48],
[-6,103.04],
[4,116.65],
[18,62.38],
[3,160.48],
[3,87.95],
[3,56.25],
[4,97.00],
[13,72.11],
[4,133.29],
[4,-6.69],
[33,110.06],
[10,48.69],
[10,75.50],
[4,108.14],
[3,37.49],
[325,33.24],
[67,108.70],
[3,133.29],
[3,161.49],
[559,72.72],
[121,107.60],
[4,103.62],
[3,58.36],
[82,95.00],
[4,100.24],
[14,76.75],
[3,81.86],
[26,37.46],
[3,91.75],
[17,95.69],
[3,33.12],
[11,54.70],
[3,127.22],
[3,172.55],
[9,78.81],
[148,70.25],
[3,103.70],
[3,105.92],
[4,103.54],
[5,134.08],
[4,65.78],
[5,145.87],
[5,74.86],
[316,109.09],
[12,90.96],
[7,96.86],
[3,59.34],
[4,50.62],
[3,66.80],
[6,123.20],
[4,167.92],
[5,86.71],
[10,118.76],
[7,110.06],
[18,92.78],
[3,80.78],
[16,66.48],
[4,77.65],
[3,30.82],
[3,114.12],
[5,92.97],
[-5,97.03],
[-4,102.53],
[-3,130.25],
[5,50.67],
[78,46.99],
[6,90.83],
[20,122.50],
[3,96.11],
[6,69.62],
[4,119.19],
[8,67.67],
[10,72.27],
[-3,124.69],
[-3,127.22],
[16,47.06],
[7,91.75],
[-8,72.04],
[4,122.50],
[38,84.45],
[655,84.18],
[3,96.11],
[4,114.79],
[5,71.65],
[6,61.27],
[3,58.63],
[892,36.37],
[3,93.99],
[209,81.63],
[6,86.88],
[19,59.80],
[3,69.99],
[4,60.90],
[166,77.91],
[38,118.97],
[20,65.17],
[3,89.90],
[26,0.64],
[32,78.38],
[3,71.28],
[15,103.70],
[25,64.92],
[66,78.92],
[7,105.88],
[3,122.50],
[3,100.57],
[11,70.93],
[10,93.58],
[3,81.65],
[3,102.31],
[14,35.94],
[1575,87.13],
[5,92.97],
[3,45.66],
[6,76.75],
[3,84.18],
[4,151.39],
[3,118.18],
[2089,26.06],
[3,81.42],
[3,124.69],
[3,80.65],
[149,77.40],
[4,83.10],
[3,130.25],
[3,151.00],
[297,87.80],
[3,60.03],
[473,70.21],
[327,38.86],
[3,60.39],
[3,103.62],
[6,74.81],
[8,76.73],
[3,80.18],
[33,78.20],
[3,88.57],
[3,90.93],
[3,59.21],
[3,85.14],
[3,52.02],
[75,54.73],
[-3,109.79],
[5,118.18],
[3,104.06],
[-3,119.40],
[59,76.65],
[6,87.61],
[173,73.71],
[5,76.55],
[29,53.71],
[7,98.87],
[34,78.92],
[5,60.71],
[4,114.12],
[3,93.48],
[4,73.78],
[69,15.13],
[165,2.35],
[3,115.55],
[7,86.45],
[3,71.78],
[8,85.16],
[46,92.06],
[4,137.47],
[4,9.82],
[4,80.78],
[3,34.38],
[3,95.67],
[4,46.24],
[15,57.37],
[4,160.48],
[9,144.35],
[3,102.62],
[19,76.34],
[5,48.87],
[13,83.94],
[10,49.17],
[4,116.65],
[6,103.70],
[3,54.83],
[3,109.10],
[3,43.96],
[3,67.53],
[16,70.34],
[463,59.68],
[3,67.13],
[116,99.06],
[764,117.16],
[23,85.86],
[1613,131.90],
[14,64.66],
[25,71.82],
[11,127.22],
[19,11.77],
[46,90.09],
[36,101.37],
[888,117.84],
[3,100.24],
[4,50.62],
[3,118.51],
[3,91.43],
[3,67.76],
[306,95.42],
[120,72.83],
[72,92.82],
[3,160.48],
[378,75.20],
[247,108.98],
[6,141.30],
[7,108.63],
[48,124.16],
[3,74.81],
[3701,73.80],
[6,92.97],
[35,78.20],
[17,43.99],
[42,38.43],
[17,64.71],
[3,120.55],
[3,103.69],
[26,58.22],
[11,83.01],
[4,127.31],
[3,118.76],
[4,102.05],
[3,77.81],
[3,142.85],
[3,77.40],
[103,103.01],
[3,66.80],
[180,65.30],
[3,136.47],
[3,144.35],
[4,75.50],
[19,80.90],
[71,59.16],
[202,144.35],
[8,83.14],
[2783,75.47],
[23,130.25],
[11,105.09],
[20,62.30],
[38,81.73],
[33,84.92],
[10,61.27],
[-3,29.18],
[4,109.10],
[22,100.07],
[29,103.21],
[10,80.10],
[88,74.27],
[3,80.43],
[3,108.98],
[14,70.11],
[5,73.78],
[12,79.56],
[9,112.59],
[143,85.66],
[194,40.87],
[93,74.40],
[3,127.31],
[9,111.75],
[4,130.25],
[136,61.24],
[5,78.81],
[11,66.40],
[5,172.55],
[3,66.88],
[3,96.02],
[9,72.33],
[9,97.03],
[13,93.92],
[5,74.81],
[3,90.96],
[3,91.78],
[4,80.78],
[15,5.62],
[10,44.15],
[8,101.57],
[4,95.17],
[4,115.81],
[21,80.87],
[3,128.65],
[3,105.88],
[3,63.70],
[8,103.62],
[16,35.86],
[4,95.17],
[4,59.83],
[5,80.10],
[3,97.03],
[16,78.82],
[16,89.90],
[21,88.00],
[5,63.84],
[3,60.88],
[3,136.81],
[3,86.71],
[1387,76.55],
[15,136.47],
[6,69.40],
[4,72.95],
[4,121.05],
[3,100.24],
[3,127.07],
[73,118.18],
[3,65.73],
[385,83.75],
[4,92.43],
[3,118.18],
[7,109.09],
[160,123.20],
[6,104.19],
[-19,90.38],
[5,3.20],
[3,97.70],
[-12,59.07],
[3,92.97],
[-37,85.03],
[-8,4.90],
[3,80.27],
[10,60.19],
[-5,91.78],
[32,167.92],
[-4,84.34],
[10,109.13],
[3,113.10],
[3,77.37],
[-3,122.15],
[4,153.54],
[4,116.15],
[3,118.18],
[3,80.90],
[44,78.92],
[6,106.60],
[4,34.25],
[17,46.18],
[3,122.15],
[3,103.70],
[7,92.21],
[3,71.86],
[825,95.69],
[574,76.67],
[38,88.93],
[70,99.37],
[26,90.99],
[15,71.82],
[13,88.55],
[12,78.81],
[40,109.79],
[39,85.01],
[8,59.63],
[12,80.10],
[4,72.29],
[4,35.61],
[6,87.95],
[3,80.79],
[4,97.03],
[4,94.30],
[3,124.69],
[3,184.84],
[1728,117.16],
[81,94.30],
[1800,80.47],
[613,86.71],
[136,154.94],
[28,82.39],
[164,70.63],
[109,84.20],
[250,56.25],
[37,108.27],
[16,131.90],
[32,86.25],
[13,113.10],
[25,118.68],
[13,139.33],
[13,69.23],
[9,89.52],
[25,78.25],
[10,131.90],
[35,155.06],
[6,85.89],
[8,113.10],
[5,84.64],
[8,89.61],
[4,117.16],
[4,124.69],
[10,120.76],
[119,72.51],
[6,84.90],
[4,119.95],
[5,70.10],
[4,92.43],
[4,58.51],
[4,95.00],
[4,74.81],
[8,69.30],
[6,86.33],
[8,83.94],
[3,102.62],
[3,131.90],
[3,97.03],
[3,96.29],
[4,85.89],
[4,144.35],
[3,112.09],
[3,82.54],
[3,71.41],
[3,103.54],
[3,115.55],
[3,112.09],
[3,86.18],
[3,35.95],
[4,112.09],
[5,74.81],
[11,43.96],
[4,123.20],
[4,109.13],
[5,117.16],
[3,95.17],
[3,119.95],
[3,114.12],
[3,98.68],
[4,102.27],
[3,98.19],
[4,61.14],
[4,72.15],
[5,98.25],
[3,85.64],
[1864,82.76],
[655,117.16],
[196,78.25],
[403,130.25],
[277,89.60],
[352,56.81],
[19,89.60],
[21,118.68],
[105,126.45],
[41,118.18],
[25,131.90],
[13,55.04],
[48,108.70],
[926,61.37],
[9,47.30],
[7,87.95],
[6,59.21],
[5,94.83],
[9,54.26],
[4,108.70],
[4,117.16],
[4,90.96],
[3,108.70],
[8,-7.98],
[9,50.56],
[6,91.54],
[3,80.31],
[4,103.54],
[4,97.00],
[3,98.31],
[4,59.83],
[-3,130.77],
[668,84.59],
[194,128.77],
[1993,78.30],
[135,116.65],
[59,137.46],
[90,125.62],
[44,74.38],
[39,69.68],
[199,57.69],
[171,59.34],
[17,113.58],
[383,85.30],
[13,103.26],
[23,102.05],
[9,109.10],
[8,12.04],
[63,86.60],
[14,116.65],
[7,68.82],
[7,22.47],
[8,78.41],
[21,92.92],
[69,88.06],
[5,103.04],
[5,74.95],
[9,80.69],
[10,84.49],
[5,79.56],
[4,77.81],
[15,112.09],
[110,63.75],
[3,69.56],
[4,80.72],
[3,115.13],
[5,77.12],
[4,109.04],
[6,53.39],
[3,154.94],
[3,129.00],
[4,109.09],
[3,80.31],
[3,86.34],
[-7,59.83],
[-5,142.85],
[-5,51.60],
[-3,55.35],
[-5,97.91],
[-7,141.30],
[-7,82.02],
[-11,104.82],
[318,56.47],
[68,83.32],
[1038,75.66],
[50,63.49],
[47,78.77],
[84,127.22],
[68,93.58],
[11,70.05],
[9,81.14],
[23,78.90],
[7,60.18],
[5,82.35],
[5,89.52],
[12,73.17],
[6,118.76],
[7,105.09],
[-4,96.11],
[-3,88.91],
[-18,38.28],
[-4,119.19],
[338,113.61],
[83,79.76],
[31,89.73],
[55,77.81],
[9,109.13],
[14,38.49],
[4,52.87],
[12,99.93],
[3,111.07],
[3,156.72],
[3,61.33],
[4,76.03],
[3,69.59],
[-5,29.60],
[-7,95.69],
[923,37.82],
[364,100.24],
[4279,40.91],
[81,73.34],
[110,72.99],
[1161,83.01],
[344,73.13],
[43,48.24],
[390,73.55],
[41,124.69],
[52,55.31],
[28,205.82],
[11,102.78],
[39,50.85],
[9,73.99],
[9,15.13],
[9,103.01],
[7,38.68],
[12,132.03],
[13,123.20],
[5,61.78],
[5,36.19],
[15,-7.71],
[16,81.86],
[5,102.62],
[5,64.04],
[4,38.76],
[3,95.69],
[4,87.49],
[4,66.40],
[4,72.63],
[4,75.45],
[3,79.85],
[3,109.13],
[3,68.52],
[3,118.68],
[3,95.00],
[3,43.21],
[3,95.40],
[3,83.38],
[3,79.53],
[6,21.51],
[3,59.90],
[3,58.74],
[530,80.31],
[119,81.42],
[82,95.17],
[52,101.37],
[130,120.95],
[27,96.06],
[13,97.00],
[10,90.99],
[7,91.61],
[17,56.76],
[6,60.96],
[8,148.91],
[9,124.69],
[5,95.69],
[3,123.20],
[3,90.13],
[-5,93.70],
[-5,96.02],
[-3,103.70],
[-3,98.25],
[-3,100.24],
[-4,106.25],
[-3,202.78],
[809,151.39],
[425,100.07],
[257,78.79],
[175,57.94],
[48,80.90],
[22,118.18],
[269,116.15],
[12,82.90],
[22,85.07],
[9,86.42],
[8,118.58],
[31,90.94],
[8,62.20],
[14,52.86],
[6,78.87],
[6,103.65],
[6,107.60],
[4,70.81],
[5,87.87],
[4,97.03],
[4,74.52],
[9,41.85],
[6,54.96],
[3,135.27],
[3,108.27],
[3,103.38],
[3,134.14],
[3,131.90],
[8,94.32],
[4,118.18],
[3,90.05],
[6,46.51],
[5,149.22],
[5,134.08],
[3,77.10],
[-5,101.37],
[-13,54.71],
[-22,103.04],
[473,112.65],
[171,90.13],
[109,145.87],
[61,117.67],
[38,134.08],
[19,136.62],
[19,101.55],
[17,108.98],
[106,50.67],
[14,95.00],
[4,151.00],
[4,83.09],
[10,124.16],
[9,74.52],
[6,93.70],
[3,92.17],
[3,68.98],
[3,127.07],
[8,91.78],
[3,61.33],
[609,113.37],
[49,96.02],
[22,89.47],
[31,80.31],
[16,84.90],
[52,45.65],
[33,87.87],
[14,87.28],
[8,94.78],
[43,148.91],
[5,118.68],
[40,144.35],
[10,74.81],
[5,118.18],
[5,97.03],
[4,70.34],
[7,89.52],
[17,81.86],
[3,136.47],
[3,80.20],
[4,99.40],
[3,66.40],
[3,108.63],
[9,91.78],
[6,127.22],
[4,24.60],
[4,57.00],
[4,82.43],
[6,31.20],
[-7,47.64],
[-3,66.34],
[-4,120.21],
[-3,88.37],
[-3,46.07],
[-6,130.25],
[228,109.10],
[18,42.17],
[24,-5.25],
[14,111.07],
[7,139.73],
[34,121.22],
[17,80.07],
[22,99.23],
[6,62.23],
[5,83.01],
[8,57.07],
[8,111.10],
[17,129.00],
[3,84.42],
[4,127.22],
[5,118.80],
[4,61.99],
[4,47.35],
[3,95.67],
[3,63.23],
[3,114.12],
[3,66.46],
[-3,90.09],
[-6,100.24],
[1265,93.82],
[258,77.40],
[219,75.12],
[51,76.56],
[15,99.48],
[62,57.77],
[89,97.71],
[21,65.17],
[8,80.10],
[21,135.27],
[7,80.90],
[6,160.48],
[5,86.42],
[3,47.83],
[9,41.48],
[3,74.52],
[3,106.88],
[3,63.84],
[10,71.78],
[4,61.89],
[3,147.39],
[4,105.36],
[4,70.51],
[4,138.25],
[4,76.67],
[6,68.09],
[4,65.17],
[3,91.75],
[3,91.84],
[3,131.21],
[3,118.18],
[3,76.10],
[-4,61.67],
[95,56.68],
[232,60.48],
[243,158.44],
[33,103.04],
[19,104.05],
[17,118.18],
[12,95.42],
[10,167.92],
[35,89.11],
[7,181.62],
[16,103.70],
[5,87.80],
[10,171.73],
[4,74.27],
[13,141.36],
[9,136.62],
[4,139.30],
[3,94.30],
[3,117.11],
[3,100.07],
[3,134.08],
[3,83.25],
[3,15.13],
[-5,125.62],
[-7,92.73],
[-7,68.69],
[-15,91.81],
[-3,130.77],
[-20,88.83],
[-6,83.85],
[-12,129.00],
[704,117.11],
[209,97.00],
[101,127.07],
[85,72.62],
[290,88.73],
[65,100.24],
[23,103.52],
[36,19.02],
[144,67.53],
[42,85.86],
[11,139.30],
[9,81.16],
[10,57.77],
[7,113.61],
[6,143.07],
[12,112.97],
[7,163.86],
[3,52.02],
[6,105.92],
[3,128.75],
[3,130.77],
[191,53.37],
[136,77.23],
[35,80.10],
[137,100.24],
[11,53.71],
[10,102.05],
[30,81.42],
[53,73.85],
[37,123.20],
[10,97.00],
[5,103.70],
[4,80.78],
[4,14.27],
[6,89.60],
[3,79.08],
[3,69.81],
[3,105.41],
[3,109.10],
[3,94.30],
[3,88.73],
[3,122.50],
[10,78.77],
[354,139.30],
[117,128.59],
[64,87.75],
[57,55.22],
[15,82.39],
[16,95.95],
[26,133.29],
[22,63.49],
[19,117.16],
[5,144.35],
[4,29.47],
[6,88.91],
[4,126.45],
[3,124.69],
[4,118.18],
[3,118.58],
[4,74.02],
[5,43.27],
[5,145.84],
[3,54.73],
[3,69.99],
[-9,64.85],
[155,100.07],
[24,128.59],
[19,136.47],
[53,97.03],
[93,115.64],
[11,43.59],
[29,58.42],
[7,2.46],
[7,73.17],
[6,108.96],
[5,50.67],
[4,98.68],
[3,56.25],
[3,77.68],
[-5,142.37],
[-8,114.07],
[1826,107.60],
[402,76.59],
[1270,104.82],
[101,99.23],
[158,116.65],
[106,57.54],
[305,137.47],
[46,73.41],
[16,54.70],
[31,81.86],
[60,75.73],
[10,108.96],
[9,95.44],
[18,42.71],
[14,56.61],
[106,65.94],
[5,92.06],
[5,78.81],
[7,-5.68],
[3,124.69],
[3,118.68],
[3,103.62],
[3,202.78],
[3,139.33],
[3,117.11],
[3,36.11],
[3,97.34],
[3,56.78],
[6,117.67],
[3,115.55],
[3,44.41],
[3,105.52],
[-3,102.53],
[-4,109.13],
[446,103.65],
[26,35.35],
[20,93.58],
[11,103.04],
[11,70.34],
[9,103.70],
[52,108.98],
[5,101.46],
[10,103.54],
[6,82.39],
[13,22.42],
[4,141.30],
[6,87.95],
[6,96.02],
[3,131.90],
[3,127.22],
[60,80.90],
[88,69.39],
[192,84.90],
[18,111.07],
[94,73.66],
[9,86.62],
[14,84.81],
[6,73.66],
[6,100.07],
[10,131.90],
[20,163.52],
[4,151.00],
[3,103.70],
[3,151.39],
[3,83.38],
[11,49.54],
[6,68.30],
[-10,61.43],
[-3,85.89],
[483,75.94],
[103,74.84],
[99,181.62],
[17,88.74],
[17,108.27],
[15,128.75],
[9,139.33],
[5,46.61],
[4,71.29],
[10,103.04],
[4,183.66],
[3,151.00],
[3,181.62],
[-3,84.90],
[31,97.00],
[30,72.28],
[10,89.98],
[5,86.42],
[5,78.77],
[4,67.44],
