["Score", "Readability"],
[4,42.87],
[3,29.18],
[173,91.84],
[219,28.67],
[6,82.39],
[50,43.96],
[103,77.10],
[16,139.33],
[1086,54.26],
[4,99.74],
[8,28.84],
[50,22.07],
[8,58.87],
[10,49.72],
[6,36.47],
[11,43.55],
[6,139.33],
[37,117.16],
[9,20.35],
[4,38.30],
[25,116.65],
[8,28.90],
[10,80.19],
[3,84.84],
[5,108.83],
[4,46.07],
[20,73.30],
[6,93.58],
[5,37.15],
[7,29.36],
[3,55.40],
[291,39.19],
[-3,53.99],
[26,112.94],
[21,15.97],
[5,87.41],
[5,28.36],
[3,131.95],
[5,139.33],
[5,48.57],
[-3,43.65],
[17,25.79],
[5,76.95],
[3,46.33],
[4,35.90],
[11,49.40],
[3,26.32],
[9,115.64],
[4,80.90],
[3,122.50],
[3,20.45],
[14,40.16],
[9,65.72],
[16,33.02],
[10,32.05],
[6,62.30],
[9,45.16],
[3,63.31],
[8,54.70],
[3,58.72],
[3,82.48],
[8,63.76],
[28,9.38],
[4,110.55],
[4,46.66],
[3,70.83],
[8,31.97],
[5,111.98],
[4,73.17],
[7,67.78],
[9,81.34],
[3,77.88],
[7,80.53],
[6,3.95],
[3,94.88],
[7,46.63],
[3,67.28],
[5,24.59],
[3,29.74],
[15,32.86],
[10,47.24],
[19,139.33],
[3,80.33],
[4,40.00],
[5,42.73],
[3,32.41],
[43,19.12],
[3,47.16],
[3,59.68],
[3,63.63],
[3,74.81],
[3,37.52],
[6,103.13],
[6,78.25],
[-4,56.25],
[10,54.74],
[3,31.33],
[5,54.08],
[3,139.33],
[22,62.76],
[23,43.24],
[83,70.93],
[-5,139.33],
[7,68.58],
[9,64.09],
[6,139.33],
[14,21.57],
[6,44.41],
[9,48.66],
[-4,35.95],
[3,18.62],
[-5,54.42],
[8,56.98],
[6,12.63],
[11,110.21],
[-7,114.12],
[6,35.94],
[7,57.49],
[3,66.40],
[105,106.75],
[15,18.52],
[11,48.42],
[19,65.17],
[44,92.92],
[7,53.31],
[37,26.44],
[12,38.31],
[9,27.71],
[4,139.33],
[7,77.81],
[5,139.33],
[4,82.39],
[4,75.12],
[6,90.66],
[108,139.33],
[-15,139.33],
[12,84.50],
[45,71.75],
[19,70.67],
[3,40.74],
[109,77.10],
[5,65.17],
[14,98.87],
[-9,61.74],
[-20,51.71],
[5,95.17],
[3,92.97],
[3,66.10],
[3,54.62],
[4,80.31],
[5,111.10],
[8,37.90],
[6,65.22],
[10,61.76],
[3,64.92],
[8,49.46],
[21,58.55],
[10,55.85],
[11,28.05],
[818,57.78],
[10,139.33],
[3,54.70],
[14,28.73],
[24,34.82],
[-12,61.32],
[10,57.10],
[-5,66.74],
[-6,65.68],
[6,98.31],
[-3,55.27],
[-36,97.65],
[-21,39.33],
[-32,103.04],
[3,51.08],
[52,79.56],
[7,103.38],
[15,90.12],
[21,62.96],
[15,83.85],
[-16,139.33],
[90,72.51],
[69,109.10],
[9,84.52],
[7,139.33],
[-5,61.22],
[6,107.40],
[71,75.34],
[7,67.69],
[127,63.38],
[9,6.76],
[5,52.27],
[3,19.33],
[19,49.79],
[13,27.81],
[37,84.68],
[-9,80.83],
[4,85.16],
[6,109.04],
[494,40.55],
[3,28.05],
[5,128.53],
[4,25.66],
[-5,53.66],
[20,57.94],
[7,83.75],
[5,72.62],
[4,21.14],
[4,107.60],
[4,80.20],
[3,14.98],
[-3,68.11],
[4,67.25],
[3,65.33],
[3,49.87],
[3,55.18],
[42,43.14],
[-5,70.63],
[5,34.92],
[3,79.35],
[3,56.25],
[-3,101.27],
[4,78.25],
[3,58.79],
[3,43.95],
[9,94.46],
[3,33.11],
[7,29.52],
[3,36.33],
[6,6.94],
[3,47.79],
[7,31.48],
[8,92.60],
[5,89.59],
[5,72.52],
[3,59.68],
[6,87.10],
[5,36.69],
[-3,103.21],
[5,64.21],
[5,67.74],
[3,54.70],
[5,23.55],
[4,48.98],
[4,36.81],
[150,57.18],
[242,64.42],
[15,93.90],
[13,39.86],
[23,90.33],
[15,84.77],
[4,47.83],
[16,84.81],
[3,55.89],
[3,50.56],
[12,40.44],
[4,18.74],
[3,62.97],
[-3,84.90],
[6,86.88],
[4,99.23],
[4,52.58],
[14,61.38],
[7,68.94],
[10,86.45],
[4,76.97],
[6,44.34],
[4,47.29],
[5,40.55],
[3,50.97],
[5,33.56],
[29,37.46],
[6,82.50],
[6,27.09],
[5,32.45],
[4,60.65],
[12,18.30],
[6,19.17],
[4,29.20],
[4,27.62],
[3,22.19],
[3,68.82],
[-8,58.12],
[6,42.81],
[4,47.15],
[-5,52.02],
[12,26.92],
[9,43.57],
[6,45.79],
[9,80.90],
[5,19.61],
[5,17.89],
[3,43.21],
[4,36.50],
[4,7.99],
[3,71.29],
[6,22.54],
[5,37.75],
[3,55.94],
[3,3.12],
[5,75.88],
[4,29.75],
[3,41.82],
[10,60.05],
[7,31.64],
[9,85.89],
[5,10.41],
[5,77.38],
[4,40.89],
[3,29.52],
[8,56.70],
[4,33.06],
