["Score", "Readability"],
[52,105.09],
[8,75.32],
[77,-5.88],
[5,172.55],
[72,103.65],
[123,30.88],
[36,111.75],
[322,84.84],
[3,64.15],
[77,160.48],
[201,39.14],
[17,112.09],
[5,97.03],
[12,109.10],
[15,67.41],
[5,111.52],
[107,33.67],
[18,9.58],
[12,160.48],
[26,48.97],
[15,49.91],
[10,43.09],
[5,60.97],
[3,93.54],
[4,114.12],
[5,48.64],
[4,69.79],
[8,85.47],
[3,27.11],
[7,61.77],
[11,59.07],
[4,31.72],
[4,151.00],
[6,82.39],
[5,108.70],
[4,95.56],
[12,59.58],
[5,62.06],
[3,26.86],
[3,119.19],
[9,83.32],
[8,55.95],
[3,76.91],
[4,79.09],
[3,46.49],
[7,31.97],
[17,59.63],
[4,80.99],
[3,147.39],
[3,149.90],
[4,75.99],
[4,108.70],
[11,68.21],
[3,58.40],
[4,57.61],
[3,103.69],
[4,135.16],
[3,98.25],
[3,68.01],
[4,124.91],
[49,64.92],
[36,57.99],
[174,73.80],
[3,72.51],
[54,95.00],
[6,118.94],
[124,95.95],
[886,98.25],
[6,46.24],
[135,80.78],
[11,68.66],
[3,74.86],
[117,89.59],
[4,88.86],
[34,45.73],
[3,134.08],
[14,58.36],
[3,66.53],
[3,35.77],
[4,104.48],
[3,83.85],
[3,130.25],
[15,64.01],
[4,84.55],
[597,85.86],
[177,69.23],
[83,63.77],
[-12,56.70],
[-16,85.92],
[48,103.65],
[112,49.95],
[111,59.83],
[5,55.95],
[-4,135.27],
[-22,55.42],
[223,84.90],
[13,103.65],
[17,130.77],
[15,101.98],
[-10,114.12],
[8,68.15],
[20,59.63],
[58,111.07],
[9,79.56],
[10,47.23],
[36,95.69],
[13,37.88],
[16,109.10],
[19,55.22],
[8,92.71],
[39,54.38],
[33,68.34],
[-6,62.14],
[4,57.41],
[-5,51.30],
[-5,42.30],
[5,117.16],
[3,78.87],
[-4,73.17],
[6,69.42],
[7,82.55],
[-3,103.70],
[6,10.01],
[-4,63.11],
[3,88.73],
[6,147.39],
[3,62.39],
[4,64.42],
[6,80.78],
[4,72.90],
[-3,122.50],
[3,47.70],
[-3,59.10],
[5,111.07],
],
