["Score", "Readability"],
[3,103.13],
[478,50.40],
[11,102.05],
[11,124.69],
[-3,90.96],
[1157,65.41],
[28,120.55],
[4,71.28],
[12,95.94],
[112,80.69],
[-9,134.08],
[54,97.70],
[5,86.45],
[96,57.77],
[49,98.87],
[92,151.00],
[11,88.12],
[11,181.62],
[12,95.17],
[4,90.33],
[10,93.58],
[390,158.44],
[24,117.11],
[4,111.07],
[4,110.06],
[-15,52.65],
[20,87.95],
[20,127.31],
[8,81.55],
[4,92.97],
[3,139.33],
[27,132.03],
[15,151.00],
[52,49.48],
[15,116.15],
[4,44.15],
[3,167.92],
[4,91.60],
[9,131.90],
[17,116.65],
[776,97.96],
[20,139.30],
[93,135.27],
[8,61.23],
[70,87.41],
[248,34.23],
[3,44.41],
[8,63.49],
[211,58.38],
[41,106.60],
[3,34.90],
[33,78.81],
[41,59.25],
[13,83.10],
[11,89.47],
[17,81.71],
[27,91.43],
[66,98.31],
[-19,55.25],
[460,72.76],
[17,83.32],
[7,74.81],
[79,96.11],
[17,93.47],
[6,98.87],
[8,25.19],
[170,82.39],
[3,127.22],
[5,41.35],
[9,103.70],
[5,87.95],
[744,37.64],
[38,65.73],
[3,68.94],
[5,124.69],
[27,69.15],
[3,135.27],
[3,37.90],
[136,115.34],
[12,53.39],
[9,81.09],
[4,88.00],
[6,148.41],
[3,117.11],
[11,42.33],
[11,92.06],
[30,89.47],
[104,24.01],
[-8,22.94],
[10,103.70],
[6,47.30],
[9,80.90],
[11,85.38],
[14,75.88],
[-7,52.55],
[1648,70.11],
[2752,82.21],
[3,49.48],
[32,81.63],
[4,85.88],
[6,107.55],
[47,95.95],
[11,59.64],
[18,5.17],
[4,63.58],
[16,116.15],
[21,117.16],
[26,55.18],
[16,113.10],
[-6,81.14],
[8,115.13],
[7,86.71],
[56,41.01],
[70,108.96],
[23,8.73],
[3,84.84],
[-20,51.30],
[176,97.03],
[21,60.49],
[116,43.72],
[-7,101.27],
[6,113.78],
[5,97.00],
[5,64.68],
[6,98.55],
[-6,69.85],
[14,187.38],
[4,83.10],
[3,103.04],
[5,91.43],
[-4,139.33],
[37,60.99],
[26,76.16],
[85,72.16],
[41,86.71],
[5,122.06],
[7,72.63],
[11,45.65],
[4,54.27],
[7,101.27],
[201,90.13],
[11,45.13],
[4,114.12],
[-4,110.82],
[4,93.17],
[5,93.33],
[19,33.25],
[5,48.24],
[8,57.34],
[473,82.35],
[5,59.07],
[46,106.16],
[3,144.35],
[4,86.17],
[-3,134.08],
[7,79.56],
[286,112.09],
[3,70.48],
[107,77.67],
[10,88.33],
[6,83.25],
[5,78.76],
[10,103.04],
[-3,78.55],
[-4,110.06],
[3,70.17],
[-6,181.62],
[6,160.48],
[3,2.02],
[3,59.27],
[69,78.87],
[6,128.44],
[-3,56.98],
[7,90.94],
[-3,92.97],
[3,73.98],
[-9,53.12],
[12,141.30],
[5,118.18],
[3,99.73],
[3,93.70],
[8,53.82],
[22,56.25],
[-4,78.77],
[-3,105.74],
[3,76.50],
[3,89.73],
[3,56.70],
[3,128.65],
[-3,83.75],
[22,67.76],
[4,87.87],
[98,93.33],
[3,170.46],
[-4,91.78],
[5,116.15],
[-4,85.30],
[-3,162.50],
[66,77.81],
[17,48.06],
[-3,59.68],
[17,80.09],
[6,48.64],
[8,60.11],
[10,90.05],
[7,87.41],
[3,45.00],
[-5,118.18],
[23,89.62],
[32,106.25],
[3,74.03],
[4,39.27],
[17,65.56],
[16,68.01],
[94,90.96],
[41,98.68],
[8,98.54],
[54,148.91],
[5,77.42],
[4,82.31],
[14,58.36],
[7,85.14],
[-13,77.68],
[27,64.42],
[-3,67.41],
[3,60.53],
[115,58.04],
[3,112.88],
[3,74.41],
[7,64.92],
[-4,92.97],
[13,75.50],
[3,57.86],
[5,98.65],
[29,90.66],
[68,71.97],
[6,77.34],
[5,128.75],
[23,120.55],
[4,126.10],
[3,134.08],
[6,120.21],
[22,103.38],
[4,64.80],
[3,119.44],
[270,90.96],
[-3,20.78],
[1033,153.54],
[-3,167.92],
[11,88.74],
[3,90.96],
[8,61.67],
[8,102.53],
[-4,103.04],
[11,61.27],
[170,39.33],
[4,102.05],
[6,53.70],
[3,93.58],
[-3,83.32],
[501,89.47],
[5,83.18],
[164,22.00],
[5,181.62],
[3,86.45],
[43,60.49],
[3,87.75],
[3,93.58],
[5,82.90],
[4,54.72],
[50,103.38],
[4,70.10],
[3,56.70],
[15,145.84],
[4,3.15],
[7,139.30],
[8,87.87],
[4,58.11],
[7,144.35],
[19,96.11],
[49,60.39],
[3,108.96],
[7,84.92],
[-6,67.66],
[64,69.85],
[8,63.38],
[24,62.84],
[45,58.43],
[3,95.00],
[11,70.14],
[14,61.24],
[54,30.19],
[7,58.79],
[3,122.50],
[3,78.79],
[15,68.84],
[4,97.22],
[-7,78.25],
[3,107.01],
[12,109.09],
[3,82.48],
[8,97.03],
[3,100.24],
[20,100.24],
[6,88.00],
[21,70.80],
[48,53.39],
[3,57.07],
[4,90.96],
[6,76.56],
[4,81.15],
[4,67.72],
[-5,48.39],
[-3,22.28],
[4,107.10],
[3,86.29],
[3,69.14],
[3,52.62],
[38,134.83],
[69,130.25],
[3,84.90],
[-3,96.02],
[9,53.86],
[7,40.29],
[3,83.32],
[6,53.85],
[4,64.35],
[4,72.72],
[14,117.67],
[13,73.48],
[3,77.91],
[5,117.16],
[3,117.67],
[3,141.30],
[3,125.62],
[105,35.61],
[5,63.10],
[3,69.75],
[7,63.63],
[4,96.29],
[88,68.00],
[6,69.14],
[8,96.21],
[7,130.25],
[4,104.98],
[4,132.54],
[6,-9.33],
[4,36.41],
[23,109.72],
[17,45.86],
[4,110.95],
[3,64.71],
[4,61.08],
[3,33.33],
[3,65.42],
[6,105.41],
[5,65.92],
[7,106.79],
[12,107.01],
[3,35.07],
[3,118.18],
[3,104.62],
[3,55.76],
[7,101.55],
[3,62.82],
[11,113.10],
[15,81.23],
[3,55.54],
[3,75.37],
[5,69.60],
[4,85.92],
[3,59.64],
[4,71.28],
[5,65.05],
[11,55.23],
[9,139.30],
[12,76.31],
[3,115.55],
[3,103.13],
[-3,57.77],
[3,97.37],
[3,95.03],
[3,114.12],
[5,35.27],
[11,43.96],
[3,109.79],
[4,87.61],
[3,107.07],
[3,67.26],
[3,95.17],
[28,76.82],
[8,78.77],
[4,103.01],
[4,75.94],
[3,67.44],
[5,128.75],
[6,81.86],
[6,64.30],
[6,107.60],
[7,98.55],
[4,89.90],
[3,90.96],
[5,66.10],
[97,41.24],
[12,120.21],
[51,77.20],
[3,124.69],
[3,60.03],
[66,47.83],
[7,73.17],
[3,67.53],
[3,19.94],
[12,144.35],
[3,42.21],
[4,69.81],
[3,97.70],
[3,117.16],
[3,88.49],
[5,123.54],
[3,74.81],
[3,49.48],
[4,75.73],
[3,96.11],
[11,123.20],
[-13,116.65],
[2633,57.23],
[51,139.33],
[4,80.83],
[23,95.85],
[89,117.67],
[-4,104.05],
[8,92.17],
[202,18.27],
[3,95.69],
[8,122.06],
[5,96.11],
[12,85.16],
[485,103.01],
[13,128.75],
[23,160.48],
[80,141.36],
[53,82.48],
[650,102.53],
[4,130.25],
[5,50.61],
[15,128.75],
[-5,103.38],
[122,63.23],
[-3,83.47],
[11,161.49],
[4,137.47],
[-29,162.50],
[29,113.10],
[3,75.50],
[178,116.15],
[803,83.75],
[3,161.49],
[750,72.22],
[30,119.19],
[3,86.71],
[3,96.11],
[24,-6.69],
[22,92.06],
[24,20.78],
[6,119.39],
[7,91.61],
[7,77.46],
[231,72.62],
[66,135.27],
[5,134.08],
[55,134.08],
[10,134.08],
[7,116.15],
[4,65.30],
[3,121.22],
[3,95.95],
[-3,139.30],
[6,100.07],
[4,77.67],
[-4,132.90],
[1385,102.62],
[-4,86.42],
[5,101.98],
[4,139.30],
[4,63.77],
[-6,102.62],
[3,83.38],
[6,76.23],
[3,75.88],
[41,103.42],
[5,93.80],
[6,84.57],
[3,35.81],
[3,103.62],
[247,103.01],
[29,111.75],
[3,79.07],
[34,81.65],
[18,-8.32],
[3,99.49],
[7,95.73],
[9,52.56],
[3,97.70],
[3,70.82],
[3,48.91],
[-3,111.07],
[113,54.70],
[5,139.33],
[4,87.68],
[-5,57.11],
[4,107.60],
[10,119.95],
[6,23.77],
[-3,108.96],
[15,58.87],
[9,83.32],
[32,70.66],
[3,87.95],
[9,75.14],
[6,33.91],
[32,114.12],
[-3,142.54],
[374,112.09],
[7,128.75],
[5,84.15],
[18,70.63],
[3,78.97],
[4,80.50],
[-14,97.37],
[21,95.73],
[3,28.12],
[3,59.21],
[34,149.90],
[-4,96.11],
[34,92.97],
[3,77.34],
[-5,98.65],
[-3,103.04],
[65,131.90],
[3,78.42],
[117,88.71],
[47,123.20],
[3,122.15],
[-3,95.69],
[4,115.64],
[-8,83.32],
[16,158.44],
[105,82.33],
[83,131.95],
[15,73.31],
[26,58.18],
[61,84.90],
[4,142.85],
[465,59.48],
[39,132.03],
[5,65.75],
[-5,89.98],
[5,37.77],
[59,75.99],
[30,135.16],
[3,95.44],
[6,80.20],
[779,72.10],
[11,108.96],
[6,67.26],
[14,80.10],
[15,117.11],
[-3,74.07],
[-3,161.49],
[14,151.93],
[-39,71.63],
[3,76.89],
[86,97.34],
[8,73.17],
[4,56.98],
[12,124.69],
[-3,139.33],
[5,88.73],
[3,118.18],
[21,92.65],
[7,114.62],
[3,111.75],
[-3,149.52],
[18,95.00],
[49,92.93],
[7,89.74],
[3,139.33],
[7,115.47],
[-3,82.43],
[3,90.94],
[11,118.76],
[26,96.39],
[21,125.44],
[14,79.09],
[13,34.14],
[108,78.97],
[19,167.92],
[-3,78.25],
[6,88.47],
[12,151.00],
[-8,108.40],
[6,139.30],
[9,89.60],
[8,63.49],
[4,89.52],
[4,108.70],
[529,80.55],
[2205,85.30],
[38,51.38],
[377,99.95],
[88,120.37],
[-3,100.24],
[4,103.70],
[235,71.52],
[8,125.62],
[4,46.10],
[9,103.54],
[-18,77.16],
[16,56.22],
[4,114.62],
[59,151.39],
[-7,158.44],
[6,28.75],
[16,83.01],
[8,18.92],
[40,64.68],
[5,97.17],
[4,98.52],
[1494,134.14],
[104,28.98],
[19,69.79],
[838,45.77],
[164,52.02],
[9,134.08],
[3,74.48],
[6,103.70],
[50,116.15],
[16,66.21],
[161,102.53],
[57,86.45],
[16,84.92],
[46,82.45],
[19,120.55],
[-3,85.07],
[8,111.07],
[77,124.69],
[70,61.67],
[-11,51.30],
[3,144.35],
[68,57.48],
[3,53.12],
[5,83.35],
[36,111.07],
[61,102.05],
[246,103.04],
[10,49.74],
[155,94.30],
[4,160.48],
[1192,62.75],
[5,92.97],
[11,34.26],
[67,76.50],
[17,103.01],
[38,128.75],
[-3,115.13],
[42,113.10],
[13,74.27],
[10,139.33],
[3,69.99],
[32,68.69],
[11,115.64],
[20,54.70],
[27,61.67],
[7,112.09],
[4,67.26],
[5,86.62],
[3,43.56],
[30,47.11],
[18,103.13],
[7,135.27],
[-42,76.56],
[-13,94.99],
[3,94.30],
[3,86.29],
[4,147.39],
[3,107.60],
[35,78.81],
[101,77.74],
[5,160.48],
[6,45.75],
[18,108.40],
[4,69.46],
[43,127.31],
[7,59.64],
[-9,99.40],
[52,66.54],
[6,76.13],
[17,80.78],
[6,60.60],
[8,105.85],
[1310,66.53],
[66,52.58],
[6,101.37],
[13,87.95],
[69,57.87],
[27,88.82],
[-5,61.89],
[997,77.74],
[19,93.58],
[18,101.15],
[15,40.69],
[9,53.50],
[5,68.68],
[15,80.83],
[5,128.75],
[5,130.78],
[15,63.42],
[5,122.80],
[13,85.86],
[222,76.12],
[3,99.49],
[84,70.05],
[3,89.90],
[6,136.47],
[4,111.24],
[3,163.47],
[-3,107.78],
[-4,75.32],
[3,53.97],
[264,61.22],
[-9,93.58],
[4,93.92],
[37,43.94],
[425,66.53],
[5,91.78],
[4,102.01],
[76,70.93],
[-9,153.54],
[115,78.87],
[4,96.11],
[3,111.33],
[28,56.25],
[3,87.80],
[4,66.78],
[4,115.13],
[-29,109.13],
[3,102.45],
[4,100.24],
[4,78.11],
[4,102.62],
[9,103.70],
[3,70.67],
[7,89.52],
[8,64.23],
[3,103.04],
[5,30.05],
[5,65.17],
[3,77.37],
[4,115.13],
[17,65.14],
[3,56.98],
[8,62.70],
[4,117.16],
[5,86.71],
[31,55.99],
[4,144.35],
[6,114.12],
[15,76.50],
[11,95.03],
[11,45.80],
[4,65.90],
[7,92.77],
[8,83.32],
[3,89.90],
[4,87.95],
[8,44.98],
[4,77.74],
[45,66.16],
[27,136.11],
[13,64.67],
[5,81.14],
[-3,133.29],
[17,108.27],
[62,39.92],
[49,117.67],
[10,119.19],
[-16,92.01],
[5,76.59],
[24,103.38],
[14,66.07],
[4,59.75],
[5,103.70],
[4,80.20],
[12,71.63],
[16,34.08],
[5,142.85],
[14,66.62],
[5,63.71],
[-7,83.47],
[3,83.32],
[5,53.64],
[3,40.78],
[6,86.62],
[3,27.95],
[3,134.08],
[7,72.62],
[-4,94.30],
[3,104.98],
[3,89.47],
[19,24.38],
[4,118.18],
[16,61.40],
[3,67.53],
[18,58.55],
[3,94.74],
[5,80.75],
[3,53.43],
[-3,184.84],
[4,55.29],
[10,20.75],
[3,96.00],
[4,65.95],
[3,82.39],
[3,76.26],
[7,75.35],
[4,38.59],
[5,63.02],
[4,106.60],
[5,80.47],
[4,98.87],
[3,109.10],
[5,71.76],
[3,91.84],
[3,83.65],
[3,-3.30],
[3,68.82],
[8,64.91],
[-3,62.11],
[3,87.68],
[3,81.86],
[6,87.68],
[3,134.31],
[6,54.70],
[1459,81.35],
[24,87.80],
[5,86.88],
[134,52.87],
[28,101.27],
[23,71.77],
[232,70.59],
[734,48.44],
[14,64.45],
[88,124.69],
[3,80.10],
[19,23.18],
[19,83.38],
[109,28.16],
[23,109.10],
[51,103.01],
[191,59.16],
[143,61.08],
[8,95.94],
[27,82.92],
[3,68.94],
[17,35.31],
[31,101.27],
[28,51.17],
[3,85.88],
[-5,55.95],
[62,25.22],
[19,70.63],
[96,93.58],
[3,42.53],
[31,64.47],
[247,142.85],
[5,40.85],
[37,130.77],
[3,116.15],
[19,80.65],
[5,129.00],
[-18,128.65],
[4,139.30],
[166,89.61],
[4,55.18],
[4,139.33],
[78,66.40],
[7,102.53],
[5,67.53],
[43,62.82],
[38,91.17],
[5,90.94],
[3,50.67],
[4,83.85],
[-7,75.50],
[7,112.94],
[14,73.14],
[4,90.96],
[9,81.30],
[-3,68.07],
[15,96.02],
[12,86.45],
[-4,103.62],
[53,124.34],
[12,68.80],
[9,96.29],
[47,55.64],
[22,75.61],
[-4,53.89],
[24,66.37],
[18,73.17],
[-3,139.33],
[-3,138.31],
[40,19.48],
[7,71.28],
[6,65.73],
[14,94.30],
[21,74.17],
[26,63.84],
[4,95.69],
[678,157.07],
[-5,84.34],
[141,86.42],
[93,37.95],
[77,99.37],
[16,103.70],
[4,74.81],
[6,202.78],
[6,117.67],
[654,50.57],
[1477,68.53],
[-3,103.54],
[3,75.50],
[3,60.05],
[225,97.14],
[733,74.96],
[398,83.19],
[43,62.63],
[6,127.22],
[150,122.06],
[22,83.32],
[1334,39.32],
[115,105.88],
[-3,124.69],
[49,81.14],
[14,103.54],
[-13,-8.72],
[67,118.18],
[26,109.13],
[4,40.68],
[16,73.78],
[3,76.50],
[37,134.08],
[24,76.55],
[4,84.20],
[11,111.24],
[16,72.48],
[8,131.19],
[-3,68.98],
[20,25.57],
[3,127.22],
[10,83.85],
[-3,82.39],
[216,58.58],
[4,57.94],
[50,96.29],
[13,65.17],
[78,56.14],
[6,97.70],
[12,97.00],
[8,95.55],
[-33,34.38],
[3,43.26],
[7,91.74],
[-7,70.80],
[12,94.30],
[3,151.39],
[13,100.53],
[4,139.33],
[53,75.07],
[5,72.32],
[3,93.70],
[6,88.47],
[6,126.24],
[105,81.35],
[30,69.79],
[6,43.21],
[3,75.47],
[4,49.48],
[4,100.07],
[8,50.13],
[6,78.55],
[3,91.84],
[4,95.15],
[-9,97.17],
[4,78.87],
[40,80.78],
[19,112.09],
[3,90.33],
[6,43.61],
[-42,13.61],
[3,103.01],
[3,97.00],
[6,61.89],
[4,117.16],
[4,77.74],
[-5,50.49],
[3,91.78],
[19,93.58],
[22,60.19],
[105,71.34],
[3,79.56],
[13,59.62],
[24,52.26],
[9,100.68],
[6,53.44],
[4,128.59],
[3,102.05],
[45,113.61],
[5,93.58],
[3,39.78],
[3,61.67],
[3,67.53],
[4,89.61],
[16,78.59],
[-3,76.50],
[61,46.94],
[20,72.33],
[4,91.75],
[-3,91.74],
[7,85.86],
[169,49.00],
[4,95.50],
[5,7.98],
[2971,78.63],
[59,78.55],
[-4,78.25],
[11,102.31],
[4,76.97],
[3,84.45],
[-8,136.47],
[3,99.41],
[-3,94.30],
[4,78.25],
[55,133.29],
[3,76.46],
[9,105.09],
[1478,25.65],
[4,55.89],
[4,80.83],
[3,99.00],
[7,87.95],
[14,64.27],
[738,28.33],
[3,64.01],
[5,120.21],
[5,60.19],
[4,50.47],
[3,86.62],
[4,139.30],
[14,89.79],
[4,56.83],
[3,54.46],
[-18,96.02],
[10,45.65],
[5,43.65],
[563,65.30],
[6,103.38],
[73,115.13],
[7,158.44],
[5,141.30],
[3,78.77],
[91,13.10],
[3,92.43],
[3,106.60],
[-10,122.50],
[28,162.50],
[11,109.13],
[7,71.14],
[4,134.08],
[14,34.24],
[498,93.70],
[4,83.75],
[3,202.78],
[3,75.99],
[3,55.95],
[3,102.62],
[8,36.66],
[74,83.75],
[9,46.23],
[5,130.25],
[9,71.77],
[31,99.53],
[6,53.64],
[8,91.54],
[3,24.44],
[5,71.07],
[8,74.81],
[5,112.97],
[7,49.71],
[380,87.95],
[3,70.67],
[6,116.15],
[7,73.48],
[3,70.08],
[4,89.09],
[4,97.03],
[37,117.50],
[25,136.47],
[5,82.48],
[22,70.14],
[665,79.94],
[3,75.88],
[3,93.33],
[5,7.46],
[3,86.93],
[4,112.09],
[9,112.09],
[3,171.73],
[6,116.15],
[4,89.61],
[3,90.70],
[4,56.61],
[44,56.78],
[13,65.66],
[3,134.08],
[3,65.80],
[21,74.81],
[9,118.18],
[6,92.06],
[95,111.75],
[5,160.48],
[28,77.42],
[-5,111.10],
[11,116.15],
[7,103.34],
[19,54.25],
[17,53.26],
[5,117.80],
[3,91.78],
[6,74.81],
[52,72.04],
[4,139.33],
[4,49.95],
[6,89.52],
[15,59.50],
[14,26.28],
[4,71.03],
[5,86.45],
[4,78.81],
[13,90.96],
[91,104.08],
[4,124.69],
[12,41.89],
[3,117.92],
[6,117.16],
[3,115.64],
[3,-6.69],
[4,131.54],
[16,111.24],
[3,94.80],
[6,139.33],
[4,95.69],
[6,134.08],
[-3,57.23],
[6,119.19],
[3,60.63],
[3,98.68],
[120,47.87],
[4,139.33],
[3,49.54],
[5,128.16],
[-4,66.85],
[37,85.44],
[4,45.74],
[40,69.50],
[8,95.00],
[4,103.04],
[3,68.68],
[3,75.14],
[3,90.05],
[5,124.16],
[3,58.53],
[4,53.66],
[6,104.82],
[3,16.66],
[3,58.41],
[6,76.26],
[11,66.75],
[3,70.08],
[-5,135.27],
[-5,92.06],
[7,53.94],
[45,66.62],
[3,103.38],
[3,64.15],
[16,64.63],
[4,134.08],
[9,96.11],
[9,112.09],
[6,67.15],
[5,163.47],
[3,72.72],
[3,126.24],
[32,117.11],
[3,94.17],
[3,59.48],
[-3,103.01],
[3,35.95],
[5,50.41],
[3,27.36],
[9,102.62],
[13,100.96],
[3,115.13],
[8,57.92],
[9,36.62],
[5,63.70],
[3,52.86],
[4,89.09],
[8,122.50],
[4,78.92],
[372,89.90],
[916,-4.89],
[79,92.43],
[166,33.24],
[34,183.66],
[25,90.79],
[23,109.10],
[231,66.79],
[18,81.14],
[14,59.68],
[105,56.01],
[10,41.72],
[9,92.97],
[8,21.28],
[6,103.70],
[6,88.73],
[37,78.25],
[4,134.08],
[4,92.43],
[4,118.18],
[3,163.52],
[3,84.84],
[3,76.82],
[3,47.74],
[3,76.50],
[7,76.89],
[-4,50.53],
[1293,55.74],
[90,84.92],
[224,7.61],
[126,133.29],
[31,95.00],
[165,53.57],
[19,130.25],
[238,80.07],
[27,103.38],
[10,116.15],
[17,95.85],
[8,104.82],
[6,130.25],
[6,69.57],
[11,104.04],
[3,97.03],
[3,82.04],
[3,134.08],
[3,130.25],
[5,54.70],
[3,167.92],
[1762,93.58],
[474,76.75],
[208,106.60],
[177,83.32],
[614,110.04],
[145,8.49],
[169,77.85],
[83,55.54],
[391,70.10],
[31,130.77],
[131,84.56],
[24,79.83],
[45,118.18],
[64,53.57],
[38,56.14],
[13,111.52],
[17,164.03],
[6,96.11],
[5,83.10],
[41,74.27],
[16,84.20],
[15,109.63],
[5,98.87],
[4,103.54],
[4,70.51],
[3,94.51],
[3,31.67],
[3,144.35],
[3,103.62],
[3,57.07],
[3,82.48],
[3,40.74],
[4,85.10],
[6,89.98],
[3,120.21],
[3,90.23],
[3,83.85],
[3,117.16],
[-6,54.07],
[-11,89.52],
[-3,49.31],
[-4,60.84],
[-3,108.70],
[-8,59.80],
[-10,122.50],
[121,97.03],
[27,91.78],
[18,96.58],
[3,118.76],
[7,50.61],
[3,98.87],
[3,91.78],
[148,131.90],
[319,118.18],
[944,105.85],
[28,124.16],
[251,94.30],
[48,106.60],
[9,102.62],
[34,122.50],
[4,52.58],
[6,113.10],
[5,92.97],
[3,53.49],
[-5,122.06],
[-13,97.03],
[-5,99.00],
[-8,89.60],
[-17,58.22],
[-6,79.56],
[-3,101.27],
[-3,82.39],
[-4,84.90],
[-6,130.78],
[1986,41.55],
[243,15.64],
[341,95.17],
[204,77.10],
[727,46.29],
[2487,45.09],
[30,53.64],
[27,60.26],
[61,139.33],
[181,82.14],
[19,45.73],
[60,94.30],
[75,58.98],
[105,69.99],
[71,38.48],
[51,64.42],
[22,73.57],
[22,52.56],
[55,84.27],
[9,92.38],
[10,47.56],
[7,50.67],
[8,49.40],
[15,70.67],
[18,63.84],
[7,69.16],
[5,40.89],
[5,65.13],
[5,71.82],
[4,81.86],
[5,55.13],
[5,88.22],
[5,49.87],
[5,63.61],
[21,36.04],
[3,151.39],
[4,69.78],
[4,48.47],
[4,73.76],
[4,33.39],
[4,93.70],
[5,83.32],
[4,73.48],
[4,108.96],
[4,50.43],
[4,108.63],
[5,88.62],
[4,45.23],
[4,64.71],
[4,75.32],
[4,42.66],
[4,52.65],
[4,66.40],
[4,119.19],
[4,87.28],
[6,95.00],
[4,88.00],
[4,65.94],
[3,57.17],
[3,93.58],
[3,70.70],
[3,39.04],
[3,66.10],
[3,52.33],
[3,37.38],
[3,59.75],
[3,49.44],
[3,53.05],
[3,38.58],
[3,90.96],
[3,64.66],
[3,55.34],
[3,26.25],
[3,88.06],
[3,72.19],
[4,133.29],
[3,89.60],
[3,47.14],
[3,56.97],
[3,79.00],
[21,80.48],
[43,86.71],
[25,50.63],
[5,60.07],
[4,49.52],
[4,48.53],
[4,63.53],
[3,68.43],
[6,36.97],
[3,90.09],
[3,38.17],
[3,22.79],
[3,90.13],
[3,78.25],
[3,167.92],
[3,62.79],
[5,57.38],
[5,38.83],
[5,44.55],
[5,66.88],
[3,60.88],
[3,31.54],
[553,36.08],
[86,76.83],
[126,62.05],
[16,34.46],
[25,85.92],
[35,124.69],
[17,66.27],
[8,39.44],
[8,82.39],
[11,84.59],
[5,64.93],
[4,56.87],
[3,103.54],
[3,103.70],
[3,136.47],
[4,47.43],
[3,80.20],
[6,80.47],
[4,53.76],
[3,127.22],
[-6,141.76],
[-3,95.17],
[-25,160.48],
[-16,72.72],
[250,83.10],
[65,95.95],
[18,134.08],
[18,63.86],
[492,160.48],
[85,91.78],
[160,121.46],
[16,65.17],
[33,58.41],
[83,140.14],
[15,90.09],
[3,94.30],
[3,92.54],
[3,110.95],
[10,114.12],
[26,108.03],
[8,78.92],
[6,97.03],
[5,66.40],
[8,83.85],
[15,94.30],
[5,154.94],
[11,87.28],
[6,88.00],
[11,130.25],
[15,127.22],
[8,96.02],
[7,94.32],
[4,78.25],
[-3,151.00],
[-14,67.26],
[-6,145.84],
[-3,124.34],
[-3,67.73],
[-3,125.62],
[-6,103.70],
[-4,128.75],
[-3,134.08],
[-4,92.06],
[-4,130.77],
[-11,60.84],
[-3,151.00],
[42,104.08],
[81,43.73],
[18,69.79],
[37,60.74],
[14,50.56],
[7,103.01],
[4,99.37],
[8,62.70],
[3,109.09],
[4,169.61],
[-4,183.66],
[-3,128.75],
[-11,118.68],
[-14,111.33],
[133,101.27],
[32,108.42],
[24,51.29],
[11,98.68],
[9,110.04],
[1462,35.61],
[268,94.33],
[283,147.39],
[81,134.14],
[21,127.22],
[59,100.07],
[258,131.90],
[27,115.13],
[62,202.78],
[148,130.77],
[23,15.13],
[30,88.56],
[9,125.62],
[45,55.41],
[15,72.52],
[6,118.18],
[29,83.38],
[10,134.08],
[4,56.61],
[4,109.79],
[4,139.33],
[4,127.22],
[17,86.97],
[6,151.93],
[7,76.50],
[3,87.55],
[3,64.85],
[9,68.16],
[43,85.01],
[9,74.27],
[18,172.55],
[3,72.33],
[3,85.92],
[5,134.31],
[3,115.13],
[3,98.55],
[3,135.27],
[3,116.65],
[3,36.75],
[4,85.73],
[5,86.45],
[3,181.62],
[3,107.60],
[99,117.16],
[119,85.14],
[628,100.24],
[230,73.78],
[186,120.55],
[1383,52.08],
[53,103.04],
[24,59.72],
[34,86.71],
[246,84.15],
[21,98.50],
[10,77.67],
[9,95.69],
[41,144.35],
[68,62.79],
[7,85.17],
[14,46.11],
[12,92.06],
[61,79.09],
[15,175.59],
[25,80.90],
[35,103.54],
[5,121.50],
[5,92.97],
[5,77.85],
[5,81.93],
[9,78.38],
[8,66.10],
[4,32.57],
[4,92.06],
[4,71.29],
[4,92.97],
[5,87.49],
[4,160.48],
[4,60.65],
[3,103.01],
[3,103.01],
[7,102.45],
[16,103.54],
[25,62.55],
[8,65.14],
[3,84.57],
[3,69.75],
[3,99.72],
[4,85.02],
[3,125.62],
[4,65.19],
[3,109.09],
[4,55.39],
[3,63.76],
[4,83.95],
[3,115.47],
[3,81.16],
[10,82.48],
[13,92.97],
[6,110.39],
[7,103.04],
[5,100.71],
[4,58.00],
[4,69.52],
[4,70.81],
[6,108.70],
[3,136.47],
[4,75.83],
[3,80.73],
[3,71.63],
[8,53.83],
[3,46.23],
[-9,91.78],
[-18,33.41],
[-8,68.56],
[-5,119.95],
[-4,135.27],
[-3,75.41],
[-3,55.55],
[-3,111.52],
[-4,106.93],
[-3,62.68],
[-3,84.84],
[-3,70.05],
[-3,69.79],
[-3,64.40],
[-5,66.33],
[-5,68.98],
[-4,103.34],
[-3,50.03],
[-4,46.17],
[-4,139.33],
[73,73.41],
[168,65.52],
[34,62.17],
[15,98.04],
[13,124.07],
[12,95.56],
[21,81.86],
[11,88.65],
[27,92.97],
[16,120.11],
[13,109.27],
[5,80.31],
[5,106.15],
[7,91.78],
[9,107.60],
[4,114.12],
[4,78.81],
[6,77.46],
[3,84.84],
[3,95.94],
[18,56.25],
[3,78.33],
[3,122.15],
[3,86.70],
[4,66.66],
[-3,87.41],
[-11,60.74],
[-3,83.75],
[-4,86.71],
[-5,87.95],
[95,76.55],
[39,85.10],
[10,129.00],
[7,108.98],
[14,106.25],
[7,57.43],
[6,86.71],
[-5,103.70],
[-24,61.24],
[-17,113.10],
[61,16.51],
[26,-7.37],
[19,67.76],
[28,17.33],
[16,118.58],
[4,137.30],
[-3,177.77],
[-5,95.95],
[-7,89.52],
[-9,57.92],
[75,144.35],
[66,103.01],
[23,58.20],
[29,85.10],
[12,167.92],
[43,66.87],
[6,77.20],
[10,128.75],
[6,56.98],
[10,95.23],
[5,144.35],
[4,128.75],
[-3,117.11],
[-5,94.60],
[-26,139.33],
[-3,35.61],
[-3,101.61],
[103,84.46],
[50,142.85],
[47,94.60],
[26,110.31],
[8,57.23],
[5,50.13],
[5,160.48],
[7,47.30],
[-6,95.17],
[-3,83.51],
[-8,63.13],
[-54,55.66],
[-12,78.38],
[-22,109.09],
[-19,140.68],
[4,95.42],
[66,120.26],
[31,86.71],
[29,50.61],
[5,62.17],
[8,109.10],
[9,90.56],
[7,57.22],
[3,115.64],
[-3,86.88],
[-3,66.45],
[-6,111.07],
[-10,134.08],
[-7,102.05],
[-11,59.34],
[41,83.75],
[40,96.93],
[20,44.75],
[24,124.69],
[5,110.12],
[10,47.51],
[3,23.91],
[3,62.70],
[3,67.72],
[5,65.56],
[-3,119.19],
[37,60.48],
[24,108.98],
[9,61.24],
[8,117.16],
[15,109.04],
[9,133.29],
[7,72.38],
[5,66.29],
[3,95.69],
[4,81.51],
[4,111.53],
[12,72.32],
[4,84.81],
[4,72.63],
[-3,68.72],
[-5,52.87],
[8,115.13],
[3,128.75],
[3,97.03],
[3,103.38],
