["Score", "Readability"],
[3,115.13],
[31,80.26],
[20,90.96],
[12,97.70],
[3,113.61],
[5,117.67],
[30,111.52],
[3,56.49],
[8,132.54],
[26,77.67],
[6,70.63],
[4,91.84],
[3,129.35],
[10,83.10],
[3,37.30],
[9,55.29],
[-5,130.25],
[4,91.81],
[6,88.51],
[-4,106.60],
[3,-5.88],
[13,85.88],
[3,144.35],
[-5,103.04],
[3,82.05],
[-5,54.50],
[-4,74.87],
[3,58.85],
[57,80.43],
[141,39.18],
[35,59.09],
[4,64.02],
[3,76.48],
[13,102.62],
[-4,76.28],
[3,61.42],
[-4,95.73],
[-4,92.93],
[8,36.62],
[6,70.93],
[6,156.12],
[3,59.05],
[7,46.40],
[3,74.07],
[3,139.33],
[4,53.46],
[4,94.99],
[3,132.03],
[8,75.14],
[11,97.03],
[3,74.27],
[3,65.41],
[3,69.81],
[13,98.87],
[148,69.79],
[47,65.22],
[72,53.72],
[3,99.78],
[8,73.85],
[4,181.62],
[24,64.71],
[5,59.53],
[3,89.08],
[4,46.50],
[18,85.86],
[5,69.30],
[3,69.78],
[3,54.62],
[5,124.16],
[8,39.04],
[5,45.21],
[3,67.67],
[4,86.42],
[3,122.50],
[3,65.03],
[5,120.46],
[3,116.15],
[20,78.81],
[57,59.15],
[85,59.21],
[15,65.57],
[9,15.64],
[321,38.65],
[-6,74.03],
[10,89.58],
[74,46.45],
[18,70.67],
[4,116.65],
[11,87.28],
[3,83.60],
[5,67.76],
[3,115.13],
[3,93.76],
[15,80.52],
[3,33.76],
[4,66.46],
[4,95.17],
[-5,69.28],
[3,59.90],
[16,53.97],
[3,104.62],
[237,71.34],
[310,83.32],
[108,59.53],
[32,89.09],
[56,90.94],
[34,109.63],
[126,106.00],
[7,116.15],
[6,72.49],
[6,151.39],
[5,107.60],
[23,151.00],
[4,111.33],
[9,79.80],
[3,108.27],
[3,90.13],
[5,120.61],
[12,94.30],
[4,79.15],
[3,73.38],
[6,139.33],
[4,107.97],
[5,68.94],
[3,90.83],
[3,82.55],
[3,99.02],
[4,127.22],
[-10,139.33],
[-3,140.68],
[-6,147.39],
[-25,92.06],
[-8,91.81],
[-18,117.11],
[-9,83.51],
[-8,61.75],
[-3,88.91],
[-3,70.70],
[7,63.58],
[5,109.04],
[3,103.04],
[3,71.77],
[3,102.62],
[3,127.22],
[-3,118.76],
[-3,25.99],
[3,55.83],
[7,51.75],
[5,73.71],
[4,136.47],
[4,53.46],
[4,58.76],
[3,63.75],
[3,106.60],
[3,127.07],
],
