["Score", "Readability"],
[3,160.10],
[26,129.58],
[-6,89.52],
[4,142.85],
[6,169.16],
[92,112.09],
[9,79.39],
[65,65.27],
[16,151.00],
[-8,69.99],
[45,96.11],
[42,76.59],
[46,76.59],
[465,76.50],
[468,76.50],
[43,73.22],
[62,99.06],
[2113,45.98],
[2123,45.98],
[25,35.35],
[4,94.30],
[19,52.87],
[259,57.77],
[261,57.77],
[131,110.39],
[132,110.39],
[188,99.53],
[27,-6.02],
[8,127.07],
[9,127.07],
[57,97.70],
[59,97.70],
[22,83.01],
[-3,87.10],
[1235,103.62],
[1239,103.62],
[3,152.34],
[38,87.68],
[25,65.30],
[28,65.30],
[20,125.62],
[21,125.62],
[525,102.05],
[526,102.05],
[-3,135.27],
[-4,135.27],
[87,86.71],
[89,86.71],
[6,130.25],
[7,130.25],
[4,142.85],
[3,144.35],
[-27,70.29],
[9,103.62],
[140,124.16],
[-5,142.85],
[-6,142.85],
[3,93.58],
[3,112.64],
[5,112.64],
[-10,70.81],
[-12,70.81],
[13,53.39],
[16,53.39],
[230,134.08],
[231,134.08],
[-3,59.69],
[-4,103.04],
[-5,103.04],
[10,81.65],
[8,81.65],
[15,48.49],
[4,68.69],
[84,94.04],
[85,94.04],
[603,52.92],
[606,52.92],
[19,113.10],
[21,113.10],
[240,74.57],
[245,74.57],
[3,83.01],
[48,144.35],
[52,144.35],
[3,127.07],
[50,48.30],
[7,73.80],
[368,73.80],
[383,73.80],
[3,36.28],
[105,109.10],
[106,109.10],
[4,102.78],
[3,78.87],
[55,49.71],
[57,49.71],
[6,8.01],
[7,8.01],
[76,108.96],
[77,108.96],
[3,104.47],
[3,115.55],
[13,84.46],
[79,95.94],
[5,103.01],
[-5,94.78],
[6,114.12],
[4,63.50],
[5,63.50],
[24,82.39],
[51,101.98],
[52,101.98],
[4,102.05],
[6,102.05],
[29,148.91],
[5,64.92],
[6,64.92],
[5,109.97],
[26,95.42],
[3,116.15],
[4322,65.84],
[4342,65.84],
[1389,124.69],
[1391,124.69],
[43,80.31],
[20,37.51],
[21,37.51],
[28,66.73],
[48,61.45],
[50,61.45],
[-9,85.07],
[-5,66.40],
[-6,71.51],
[7,82.43],
[8,82.43],
[17,45.19],
[7,122.15],
[239,68.94],
[245,68.94],
[7,116.15],
[9,116.15],
[15,121.22],
[16,121.22],
[19,95.69],
[20,95.69],
[3,124.69],
[6,142.85],
[4,103.34],
[9,120.55],
[6,98.50],
[3,69.46],
[4,69.46],
[453,105.02],
[505,105.02],
[3,87.95],
[4,87.95],
[3,112.09],
[25,103.97],
[26,103.97],
[4,97.03],
[5,124.34],
[3,94.78],
[14,75.69],
[16,75.69],
[3,63.70],
[3,108.40],
[5,27.15],
[6,27.15],
[11,74.40],
[134,81.26],
[137,81.26],
[16,45.62],
[17,45.62],
[23,88.00],
[24,88.00],
[3,78.87],
[4,78.87],
[3,106.58],
[32,95.95],
[33,95.95],
[5,87.13],
[6,87.13],
[93,78.40],
[96,78.40],
[4,79.85],
[3,74.86],
[3,72.83],
[11,60.03],
[13,56.99],
[3,70.80],
[3,117.16],
[4,117.16],
[338,84.90],
[359,84.90],
[10,118.51],
[11,118.51],
[133,95.67],
[143,95.67],
[-11,92.51],
[25,89.61],
[26,89.61],
[3,77.10],
[31,90.05],
[32,90.05],
[3,79.56],
[34,97.00],
[36,97.00],
[7,92.43],
[143,75.88],
[158,75.88],
[39,25.03],
[40,25.03],
[3,102.05],
[11,48.33],
[12,48.33],
[27,79.21],
[30,79.21],
[58,50.19],
[59,50.19],
[18,106.60],
[10,116.15],
[49,98.87],
[54,98.87],
[3,139.33],
[4,96.02],
[5,87.95],
[192,121.22],
[200,121.22],
[19,60.99],
[22,60.99],
[70,71.78],
[77,71.78],
[3,66.62],
[3,103.01],
[3,151.39],
[37,95.94],
[44,95.94],
[24,36.28],
[27,36.28],
[16,127.22],
[17,127.22],
[7,22.67],
[6,118.18],
[298,107.60],
[330,107.60],
[24,101.74],
[25,101.74],
[51,154.94],
[11,75.88],
[9,75.88],
[4,89.90],
[5,89.90],
[3,142.85],
[5,103.38],
[14,181.62],
[4,62.38],
[4,80.06],
[3,127.07],
[5,127.07],
[3,83.25],
[3,67.33],
[26,117.92],
[184,36.62],
[187,36.62],
[4,124.69],
[10,86.42],
[9,86.42],
[6,134.08],
[7,134.08],
[40,79.56],
[22,98.00],
[25,98.00],
[37,95.95],
[40,95.95],
[7,36.25],
[469,100.07],
[14,57.77],
[15,57.77],
[3,117.84],
[24,125.62],
[30,125.62],
[5,78.78],
[10,120.55],
[4,90.94],
[3,73.41],
[3,139.33],
[102,73.85],
[140,73.85],
[19,64.62],
[20,64.62],
[10,131.90],
[9,131.90],
[6,127.31],
[55,118.18],
[66,118.18],
[15,71.77],
[11,83.32],
[13,83.32],
[8,95.94],
[4,77.91],
[5,77.91],
[23,108.14],
[24,108.14],
[3,21.28],
[4,101.55],
[-3,181.62],
[5,92.91],
[16,116.15],
[24,116.15],
[3,93.54],
[6,130.78],
[14,172.55],
[17,172.55],
[10,116.15],
[3,77.91],
[4,75.50],
[148,169.16],
[99,169.16],
[12,113.10],
[16,113.10],
[-10,142.85],
[-9,142.85],
[25,95.85],
[50,95.85],
[150,88.89],
[87,88.89],
[103,78.92],
[105,78.92],
[-3,109.18],
[6,27.62],
[3,107.60],
[370,103.70],
[694,103.70],
[1202,65.56],
[1790,65.56],
[4,134.08],
[41,132.28],
[3,115.64],
[4,115.64],
[-8,95.00],
[-9,95.00],
[154,70.11],
[163,70.11],
[3,117.67],
[4,117.67],
[274,90.09],
[448,90.09],
[111,116.65],
[152,116.65],
[31,118.18],
[37,118.18],
[4,118.43],
[5,118.43],
[10,110.06],
[12,110.06],
[14,111.51],
[23,111.51],
[5,96.37],
[6,96.37],
[8,90.33],
[7,-6.36],
[9,-6.36],
[-5,15.47],
[10,111.51],
[9,111.51],
[3,100.24],
[4,100.24],
[3,75.88],
[4,130.25],
[10,99.40],
[3,83.47],
[3,105.92],
[4,118.18],
[6,118.18],
[-11,103.62],
[25,105.57],
[21,116.65],
[3,97.34],
[10,124.69],
[7,124.69],
[3,114.12],
[4,114.12],
[3,67.03],
[-6,87.68],
[3,-5.48],
[6,94.30],
[10,107.60],
[13,107.60],
[3,83.32],
[4,83.32],
[3,103.69],
[-5,83.78],
[3,121.17],
[3,158.44],
[18,167.92],
[22,167.92],
[3,75.88],
[8,87.95],
[9,87.95],
[5,132.03],
[49,33.58],
[55,33.58],
[4,131.90],
[3,184.84],
[3,118.76],
[31,49.71],
[46,49.71],
[3,134.14],
[3,107.91],
[8,99.74],
[6,80.99],
[7,80.99],
[4,102.78],
[3,75.32],
[-10,81.77],
[-7,81.77],
[228,117.16],
[63,117.16],
[20,89.90],
[62,89.90],
[3,112.09],
[4,112.09],
[4,144.35],
[6,144.35],
[4,133.29],
[14,114.12],
[5,114.12],
[-3,57.07],
[-4,57.07],
[-5,89.61],
[4,74.81],
[7,120.21],
[10,11.69],
[3,73.76],
[3,48.10],
[9,48.10],
[3,60.71],
[3,82.55],
[3,100.24],
[-17,84.90],
[11,136.62],
[3,112.31],
[3,92.97],
[4,-6.69],
[5,69.50],
[385,167.92],
[246,94.32],
[6,79.46],
[371,145.84],
[223,73.85],
[4,181.62],
[13,149.42],
[17,92.06],
[94,115.81],
[129,92.97],
[178,106.92],
[3,80.20],
[12,115.13],
[3,87.87],
[3,102.78],
[5,158.44],
[26,120.50],
[145,59.44],
[22,19.45],
[17,105.09],
[43,23.77],
[4,116.15],
[15,124.69],
[602,85.30],
[3,92.97],
[4,120.26],
[6,88.91],
[3337,108.96],
[5,78.35],
[236,49.11],
[1453,90.96],
[11,112.09],
[140,93.70],
[3,167.92],
[17,98.68],
[22,73.78],
[370,90.26],
[80,9.91],
[201,-2.89],
[9,30.32],
[8,52.13],
[34,113.10],
[3,158.44],
[205,25.44],
[46,57.77],
[13,72.72],
[4,103.01],
[7,67.26],
[4,181.62],
[-6,92.97],
[25,95.69],
[4,73.78],
[7,76.55],
[-9,100.96],
[15,66.80],
[49,95.17],
[3,136.47],
[12,101.55],
[-7,103.54],
[4,94.51],
[40,103.54],
[3,77.10],
[35,99.00],
[6,68.98],
[15,98.87],
[21,160.48],
[5,-8.72],
[44,98.68],
[3,114.12],
[4,19.02],
[65,147.42],
[3,111.07],
[-13,74.81],
[-23,72.51],
[3,35.10],
[250,67.33],
[9,95.73],
[-11,114.12],
[87,103.70],
[256,97.03],
[674,55.05],
[8,160.48],
[14,60.19],
[11,83.10],
[12,151.00],
[425,39.42],
[3,134.08],
[3,74.86],
[7,85.89],
[3,67.76],
[6,66.94],
[26,47.74],
[37,11.69],
[3,83.47],
[3,74.94],
[20,151.39],
[8,112.65],
[162,62.20],
[3,89.61],
[7,136.62],
[1526,74.81],
[56,124.34],
[3,103.62],
[41,111.07],
[4,98.68],
[10,120.21],
[3,144.35],
[5,65.79],
[-7,130.25],
[-8,67.26],
[4,91.78],
[4,139.33],
[14,65.30],
[11,117.16],
[3,68.07],
[3,78.79],
[5,76.56],
[10,128.65],
[3,46.98],
[3,134.08],
[6,79.56],
[3,117.16],
[-3,103.01],
[82,66.53],
[3,90.23],
[9,66.10],
[3,112.09],
[9,175.59],
[3,92.97],
[3,96.13],
[5,93.48],
[-3,69.79],
[3,114.12],
[4,122.15],
[3,63.93],
[3,113.10],
[3,83.41],
[5,99.39],
[4,79.16],
[13,110.39],
[7,60.96],
[5,114.79],
[5,47.35],
[5,108.27],
[7,58.20],
[3,85.56],
[11,98.50],
[7,103.70],
[7,89.16],
[5,97.03],
[29,72.35],
[3,89.60],
[10,63.06],
[3,136.47],
[8,101.25],
[6,71.48],
[4,57.77],
[3,144.35],
[32,78.92],
[72,86.29],
[129,98.25],
[12,72.83],
[15,73.67],
[5,80.33],
[-5,81.63],
[3,95.73],
[4,94.30],
[4,95.17],
[7,44.07],
[11,26.98],
[3,65.61],
[4,53.66],
[31,118.18],
[19,100.07],
[18,87.41],
[4,72.04],
[10,86.12],
[3,87.41],
[10,144.63],
[3,153.54],
[-5,87.95],
[5,52.35],
[3,114.12],
[4,78.25],
[60,19.02],
[6,98.02],
[6,55.58],
[12,109.04],
[4,106.17],
[4,107.01],
[3,101.27],
[10,127.22],
[4,61.89],
[6,104.05],
[3,73.85],
[76,102.27],
[3,79.81],
[3,60.36],
[3,120.46],
[4,62.30],
[5,83.25],
[4,80.31],
[15,117.67],
[8,132.90],
[3,160.48],
[6,96.11],
[13,19.02],
[4,56.98],
[4,130.25],
[3,94.78],
[6,117.16],
[16,50.35],
[23,167.03],
[3,111.07],
[-9,76.46],
[3,34.74],
[4,106.75],
[672,118.76],
[6,77.23],
[3,119.19],
[10,58.18],
[3,102.05],
[3,95.95],
[3,106.00],
[6,100.39],
[12,151.00],
[4,120.55],
[7,93.58],
[7,114.12],
[4,54.21],
[3,82.04],
[69,103.62],
[122,160.48],
[405,75.88],
[7,181.62],
[626,57.93],
[7,109.10],
[3,144.35],
[249,108.63],
[4,35.27],
[5,108.03],
[13,93.58],
[4,117.16],
[8,66.72],
[1897,82.87],
[21,102.05],
[211,74.81],
[56,103.70],
[12,26.92],
[10,93.58],
[55,117.84],
[303,45.65],
[4,130.25],
[3,44.41],
[3,78.33],
[22,66.10],
[3,119.19],
[9,95.94],
[9,112.09],
[3,9.73],
[6,73.85],
[37,70.41],
[3,115.13],
[101,85.86],
[-20,83.32],
[22,59.34],
[3,60.63],
[257,58.02],
[4,102.42],
[7,99.53],
[18,75.57],
[6,75.77],
[7,98.25],
[20,82.05],
[50,117.11],
[7,94.30],
[11,110.06],
[3,95.17],
[4,103.54],
[3,88.59],
[9,63.70],
[3,110.06],
[4,99.00],
[5,145.87],
[11,68.94],
[-3,34.25],
[18,95.87],
[3,171.73],
[4,103.70],
[4,55.38],
[5,144.35],
[7,81.86],
[467,95.95],
[7,87.54],
[10,116.65],
[3,118.18],
[3,78.81],
[141,68.09],
[97,56.76],
[3,91.60],
[8,160.48],
[3,55.95],
[3,73.85],
[4,61.24],
[3,83.10],
[3,107.10],
[4,76.26],
[-6,118.68],
[12,68.82],
[5,116.65],
[3,86.71],
[3,36.62],
[5,68.29],
[16,40.69],
[-3,58.06],
[4,100.07],
[3,92.93],
[-17,183.66],
[-7,90.94],
[104,107.60],
[6,144.35],
[218,64.31],
[11,59.91],
[67,47.12],
[511,78.92],
[8,95.00],
[6,93.48],
[384,2.53],
[13,111.07],
[-4,68.07],
[19,76.56],
[46,94.92],
[36,101.37],
[-4,51.52],
[21,15.13],
[17,167.92],
[218,78.92],
[10,115.13],
[212,141.36],
[3,54.27],
[-10,90.99],
[25,34.53],
[-5,62.20],
[17,117.16],
[10,122.50],
[6,127.22],
[10,-5.68],
[4,116.15],
[7,120.11],
[8,129.00],
[121,56.76],
[4,97.03],
[255,30.19],
[4,69.99],
[4,161.49],
[4,67.76],
[3,55.58],
[10,-7.22],
[18,64.92],
[6,110.06],
[3,77.91],
[7,115.47],
[6,122.50],
[3,107.01],
[5,78.92],
[12,155.27],
[13,4.29],
[9,97.03],
[5,118.68],
[4,112.09],
[89,91.78],
[1670,113.10],
[3,62.76],
[20,78.25],
[59,64.01],
[3,106.60],
[6,118.68],
[3,135.27],
[117,94.30],
[8,97.70],
[3,73.78],
[3,120.21],
[5,88.14],
[9,56.57],
[12,39.56],
[3,66.10],
[-7,129.71],
[25,100.24],
[126,116.15],
[59,119.19],
[341,45.77],
[15,117.16],
[360,86.77],
[10,113.37],
[70,89.47],
[503,27.15],
[5,75.88],
[9,120.71],
[8,102.53],
[189,76.55],
[5,35.35],
[6,118.18],
[6,115.13],
[11,73.25],
[4,82.43],
[130,114.93],
[57,59.63],
[41,47.83],
[43,55.08],
[45,128.56],
[17,134.08],
[18,86.45],
[27,83.75],
[-3,103.04],
[3,181.62],
[4,126.10],
[4,89.90],
[3,78.81],
[4,89.90],
[5,102.05],
[11,103.04],
[1114,95.95],
[3,95.69],
[-9,101.51],
[4,72.33],
[5,134.08],
[12,38.06],
[8,100.24],
[349,35.55],
[3,101.98],
[19,44.39],
[34,18.18],
[3,52.21],
[-4,92.97],
[4,85.02],
[117,19.02],
[4,102.05],
[4,103.70],
[3,105.88],
[3,40.53],
[11,75.32],
[20,109.96],
[4,52.87],
[52,118.94],
[-7,129.35],
[27,91.84],
[-3,144.35],
[27,89.09],
[143,36.62],
[8,52.86],
[21,106.11],
[5,36.88],
[-4,123.54],
[207,36.62],
[8,119.40],
[3,111.31],
[371,81.97],
[66,57.77],
[3,103.01],
[92,99.74],
[13,32.22],
[7,66.37],
[5,42.71],
[8,83.32],
[63,81.09],
[-6,87.95],
[3,105.09],
[8,92.97],
[118,-6.41],
[20,75.32],
[3,62.08],
[376,114.12],
[-4,151.00],
[29,103.01],
[6,101.37],
[5,44.64],
[-10,77.91],
[3,18.18],
[19,-2.61],
[10,167.92],
[4,90.66],
[100,78.92],
[3,109.10],
[183,87.28],
[852,60.48],
[3,116.15],
[-3,80.18],
[3,102.78],
[3,131.90],
[4,98.87],
[3,89.47],
[-4,141.30],
[14,75.50],
[511,102.05],
[8,92.97],
[15,115.13],
[46,71.82],
[20,75.37],
[8,86.71],
[9,108.27],
[152,84.92],
[5,139.30],
[10,117.11],
[3,60.40],
[3,103.70],
[9,202.78],
[21,78.92],
[17,75.71],
[586,-8.72],
[7,103.62],
[52,83.61],
[101,167.92],
[5,118.18],
[225,135.38],
[3,52.05],
[5,30.88],
[40,167.92],
[4,95.73],
[6,87.06],
[81,114.62],
[18,91.60],
[90,95.94],
[27,90.09],
[35,109.09],
[19,111.28],
[12,84.77],
[5,98.87],
[7,134.08],
[11,33.58],
[6,119.60],
[3,95.03],
[36,55.69],
[3,153.54],
[4,65.73],
[6,39.33],
[25,151.00],
[18,130.25],
[3,145.84],
[3,116.15],
[5,72.83],
[-14,36.11],
[17,66.79],
[7,100.07],
[4,120.55],
[4,75.32],
[4,60.02],
[152,90.94],
[13,78.92],
[7,78.87],
[41,76.67],
[4,77.65],
[-9,144.23],
[71,76.91],
[9,120.26],
[-11,101.69],
[-6,118.76],
[8,95.94],
[-34,136.47],
[16,104.62],
[3,92.97],
[-4,68.69],
[5,151.39],
[-20,96.84],
[74,81.14],
[23,107.60],
[-7,80.33],
[-5,93.45],
[3,38.20],
[-6,153.54],
[3,89.52],
[14,82.39],
[7,99.00],
[-8,68.82],
[5,139.33],
[1805,95.42],
[1047,102.62],
[107,116.15],
[239,160.48],
[2708,45.20],
[77,103.01],
[29,118.18],
[399,104.82],
[31,83.85],
[172,80.06],
[12,120.21],
[151,107.60],
[27,82.05],
[37,131.21],
[8,151.00],
[6,122.15],
[6,78.87],
[5,66.53],
[5,130.25],
[20,101.15],
[8,103.54],
[4,125.62],
[4,100.24],
[4,93.58],
[4,100.57],
[4,72.85],
[6,144.35],
[6,108.03],
[3,111.53],
[3,130.25],
[3,118.51],
[3,127.07],
[3,128.75],
[3,90.96],
[3,97.00],
[3,114.12],
[3,65.15],
[3,54.10],
[3,73.78],
[3,83.32],
[3,97.03],
[1582,101.37],
[444,50.21],
[541,104.98],
[128,151.39],
[117,147.39],
[298,112.09],
[30,56.54],
[56,76.89],
[24,67.26],
[55,153.54],
[53,145.93],
[19,144.35],
[34,78.92],
[14,118.18],
[10,134.08],
[184,114.62],
[8,108.27],
[10,102.05],
[10,97.88],
[8,66.15],
[14,120.55],
[13,95.69],
[6,78.77],
[6,94.31],
[7,139.33],
[5,144.35],
[4,125.23],
[4,59.75],
[4,123.20],
[4,69.99],
[3,69.46],
[3,86.71],
[4,144.35],
[3,111.07],
[3,78.95],
[3,108.63],
[3,84.92],
[3,141.30],
[3,130.77],
[1925,80.31],
[544,130.25],
[335,66.17],
[402,116.65],
[113,133.90],
[25,124.69],
[62,94.30],
[207,74.07],
[20,67.44],
[14,71.74],
[29,93.58],
[95,61.24],
[16,130.25],
[31,65.97],
[7,128.59],
[7,103.38],
[5,56.76],
[15,120.55],
[8,61.33],
[3,80.78],
[5,71.82],
[4,72.33],
[4,115.13],
[4,103.62],
[3,92.60],
[8,106.60],
[3,72.19],
[4,118.18],
[3,95.08],
[-3,103.01],
[-3,76.23],
[-5,118.18],
[2694,69.79],
[379,78.92],
[339,39.11],
[201,53.29],
[243,76.27],
[66,66.80],
[741,59.28],
[204,50.67],
[1802,103.04],
[106,51.79],
[18,55.45],
[13,101.27],
[60,130.77],
[29,68.22],
[34,60.48],
[6,56.08],
[13,97.03],
[38,71.28],
[7,68.75],
[5,72.37],
[7,71.52],
[7,96.64],
[4,80.79],
[13,118.18],
[16,69.68],
[6,76.97],
[14,98.87],
[17,81.14],
[3,79.56],
[3,69.99],
[3,103.04],
[3,90.05],
[3,114.07],
[4,83.28],
[3,65.73],
[-5,116.03],
[-4,161.49],
[-3,124.69],
[-3,181.62],
[-3,139.30],
[-3,65.15],
[-3,167.92],
[-3,92.06],
[-3,167.92],
[-3,130.77],
[-3,63.86],
[-3,57.11],
[179,18.78],
[137,130.10],
[106,74.27],
[240,101.27],
[27,32.56],
[14,101.55],
[16,136.62],
[31,57.77],
[4,76.89],
[22,160.48],
[14,139.33],
[11,92.97],
[3,90.94],
[3,114.12],
[3,34.26],
[5,75.88],
[6,61.40],
[3,160.48],
[3,46.29],
[4,141.36],
[-4,108.27],
[218,88.73],
[146,161.49],
[21,118.18],
[11,130.25],
[11,117.67],
[9,109.13],
[5,87.95],
[9,104.82],
[3,64.68],
[3,64.66],
[3,68.94],
[3,139.30],
[3,76.62],
[4,154.38],
[3,91.78],
[151,37.59],
[73,122.02],
[7,116.65],
[8,49.48],
[5,103.70],
[10,48.49],
[3,98.68],
[3,109.10],
[213,100.07],
[129,25.19],
[28,139.33],
[22,94.02],
[31,94.51],
[22,103.38],
[5,125.62],
[5,52.87],
[4,71.28],
[12,93.58],
[13,132.28],
[5,108.96],
[-8,138.25],
[-6,117.67],
[-3,111.07],
[52,15.47],
[45,103.34],
[65,120.21],
[56,78.92],
[23,101.55],
[15,184.84],
[7,75.88],
[6,75.12],
[5,108.70],
[6,51.28],
[-3,119.70],
[93,144.35],
[35,52.02],
[9,160.48],
[31,88.00],
[17,124.34],
[5,61.40],
[6,61.11],
[3,98.19],
[3,71.78],
[-5,139.33],
[-7,70.14],
[-6,63.49],
[229,74.02],
[92,145.87],
[14,76.50],
[14,-8.72],
[8,79.56],
[4,70.08],
[24,47.83],
[4,130.25],
[3,52.02],
[3,93.59],
[3,57.43],
[3,94.30],
[3,72.62],
[3,103.04],
[3,92.97],
[3,60.03],
[242,85.16],
[97,119.70],
[65,151.39],
[44,106.60],
[19,47.83],
[8,71.90],
[21,124.16],
[15,92.06],
[29,50.78],
[36,101.98],
[11,92.97],
[6,137.47],
[5,108.96],
[5,136.47],
[9,125.90],
[6,52.58],
[5,80.31],
[5,56.98],
[3,136.47],
[-4,139.33],
[182,124.34],
[70,15.13],
[123,138.75],
[15,95.17],
[14,144.35],
[3,65.78],
[6,117.16],
[3,124.69],
[-4,124.34],
[-11,89.44],
[-5,103.70],
[-5,139.33],
[104,78.81],
[49,46.61],
[7,75.43],
[9,83.75],
[3,101.26],
[4,120.55],
[3,113.10],
[4,105.70],
[15,94.63],
[7,100.24],
[16,56.71],
[4,122.50],
[3,102.95],
[3,81.86],
[3,134.08],
[195,46.95],
[52,100.79],
[32,91.43],
[17,85.86],
[110,110.06],
[36,74.64],
[58,81.14],
[18,72.62],
[7,144.35],
[5,47.78],
[3,85.14],
[10,118.18],
[3,96.37],
[-3,162.50],
[-6,139.33],
[-4,82.87],
[12,103.54],
[31,124.69],
[19,125.62],
[4,97.00],
[4,83.85],
[3,81.16],
[5,94.78],
[3,93.58],
[12,94.30],
[11,160.48],
[4,60.09],
[-3,89.98],
[8,61.52],
[3,154.94],
[4,44.89],
[26,36.62],
[16,112.09],
[38,70.91],
[5,90.96],
[8,158.44],
[-5,117.67],
[-10,111.07],
[-8,150.70],
[10,88.59],
[3,44.55],
[3,48.64],
[-5,83.86],
[13,80.50],
[5,103.63],
[3,144.35],
[3,134.08],
[3633,65.30],
[350,81.35],
[1002,79.51],
[746,61.24],
[417,125.62],
[167,158.44],
[23,102.05],
[22,48.91],
[52,96.02],
[64,103.54],
[60,34.93],
[28,95.69],
[13,77.50],
[12,77.10],
[6,92.00],
[6,43.09],
[4,59.16],
[6,116.15],
[18,151.39],
[5,117.67],
[4,76.38],
[5,123.20],
[4,94.30],
[5,61.84],
[9,102.05],
[3,124.16],
[3,103.54],
[3,113.10],
[3,72.33],
[3,19.70],
[3,84.90],
[5,73.85],
[113,15.64],
[58,78.92],
[265,77.91],
[23,69.45],
[18,90.96],
[5,103.65],
[9,72.95],
[4,90.96],
[3,151.00],
[3,103.04],
[3,118.85],
[3,139.33],
[225,108.95],
[191,36.62],
[97,36.62],
[50,15.13],
[31,47.14],
[22,108.83],
[135,102.53],
[23,74.27],
[30,92.91],
[9,33.91],
[9,93.48],
[6,116.15],
[6,97.03],
[88,56.32],
[4,15.67],
[3,72.99],
[3,115.13],
[-6,97.71],
[-5,181.62],
[-6,181.62],
[1148,48.64],
[86,76.34],
[511,36.37],
[333,81.14],
[17,76.23],
[72,120.00],
[26,137.99],
[52,83.38],
[17,76.67],
[51,19.87],
[95,-5.34],
[9,84.20],
[11,133.29],
[3,129.00],
[16,130.77],
[7,69.23],
[37,139.33],
[4,102.05],
[6,163.47],
[6,89.61],
[3,136.47],
[-27,139.33],
[-3,120.55],
[-19,202.78],
[-82,135.16],
[-20,83.38],
[-21,167.92],
[-62,55.54],
[-4,142.85],
[-27,90.09],
[-3,139.33],
[-19,100.24],
[-41,95.42],
[-15,138.75],
[42,99.00],
[15,102.45],
[24,114.12],
[7,111.24],
[5,61.24],
[4,76.55],
[3,75.88],
[82,103.65],
[50,61.94],
[22,116.15],
[15,44.25],
[33,76.38],
[5,144.23],
[4,91.17],
[8,95.69],
[3,87.94],
[3,135.27],
[3,78.25],
[5,58.25],
[3,74.27],
[-10,70.32],
[69,66.53],
[20,66.87],
[13,53.66],
[9,117.84],
[14,130.25],
[29,59.27],
[4,153.54],
[4,83.10],
[3,74.86],
[3,71.82],
[23,111.33],
[16,113.10],
[9,130.25],
[6,43.94],
[5,139.30],
[5,117.16],
[6,64.92],
[5,81.86],
[4,100.24],
[4,115.13],
[8,181.62],
[-9,139.30],
[55,103.38],
[10,107.60],
[5,108.63],
[4,83.78],
[3,92.97],
[-5,151.39],
[56,139.33],
[20,88.00],
[28,108.96],
[8,24.37],
[6,66.80],
[-8,139.33],
[40,83.75],
[13,70.14],
[8,70.51],
[7,67.80],
[6,46.17],
[3,134.08],
[3,114.12],
[3,26.68],
[30,66.37],
[9,99.00],
[8,108.27],
[6,103.62],
[7,58.42],
[-7,56.97],
[-3,118.94],
[-9,139.33],
[27,119.40],
[68,88.00],
[11,91.72],
[5,135.27],
[3,151.00],
[4,145.84],
[3,108.27],
[-8,97.00],
[25,110.06],
[59,78.11],
[31,109.04],
[20,103.70],
[20,118.18],
[8,77.84],
[13,95.69],
[6,116.75],
[12,85.10],
[3,109.63],
[4,71.19],
[-3,100.39],
[7,133.29],
[4,102.05],
[-14,161.49],
[22,90.09],
[15,98.87],
[11,76.23],
[6,72.83],
[3,75.14],
[10,60.48],
[4,72.28],
[-5,72.32],
[33,97.03],
[13,98.87],
[7,105.09],
[-4,103.62],
[10,70.51],
[5,109.10],
[6,88.73],
[-3,95.17],
[21,72.12],
[4,94.30],
[4,158.44],
[7,123.46],
[11,128.16],
[5,120.55],
[3,198.72],
[38,89.61],
[3,79.81],
[5,108.03],
[4,124.69],
[-10,70.35],
