["Score", "Readability"],
[25,69.58],
[3,12.16],
[4,45.25],
[6,90.13],
[27,-7.37],
[3,73.13],
[20,71.77],
[37,62.37],
[11,106.11],
[17,27.70],
[8,29.29],
[7,38.58],
[5,88.91],
[5,68.62],
[5,28.09],
[4,80.76],
[7,59.21],
[4,40.21],
[7,29.15],
[14,1.28],
[4,0.70],
[-18,139.33],
[161,65.73],
[5,139.33],
[29,66.42],
[35,58.11],
[4,139.33],
[3,28.16],
[8,56.12],
[3,76.50],
[21,47.08],
[33,42.22],
[15,19.87],
[49,60.97],
[5,40.69],
[15,89.90],
[11,48.78],
[6,84.92],
[22,95.46],
[6,23.59],
[9,73.89],
[3,103.38],
[5,77.10],
[3,35.95],
[3,61.24],
[12,32.50],
[3,49.24],
[273,25.44],
[5,43.08],
[3,56.20],
[16,9.81],
[3,58.45],
[5,99.27],
[6,49.22],
[4,103.38],
[33,86.71],
[6,48.95],
[4,139.33],
[3,130.11],
[10,62.88],
[4,60.71],
[7,76.46],
[13,95.95],
[5,16.01],
[11,110.06],
[6,83.10],
[6,19.11],
[5,48.66],
[6,130.25],
[3,60.75],
[3,83.85],
[4,59.53],
[3,10.59],
[4,134.14],
[3,31.41],
[5,40.09],
[6,16.03],
[4,72.52],
[134,50.05],
[24,78.63],
[34,96.02],
[15,43.34],
[9,45.35],
[7,36.95],
[5,50.41],
[4,100.07],
[7,45.56],
[4,28.50],
[4,84.92],
[3,56.48],
[3,63.95],
[3,64.22],
[3,29.49],
[-3,65.17],
[205,55.28],
[46,49.13],
[102,26.58],
[52,91.17],
[23,59.90],
[26,28.99],
[36,38.49],
[92,73.54],
[23,50.73],
[15,30.53],
[10,48.56],
[4,62.74],
[4,26.31],
[8,12.93],
[7,80.71],
[4,45.26],
[3,50.67],
[3,75.14],
[3,59.16],
[12,48.47],
[10,43.71],
[4,39.47],
[17,62.28],
[6,69.68],
[4,49.21],
[3,6.60],
[3,45.52],
[3,95.67],
[3,69.08],
[3,77.58],
[3,57.18],
[3,77.61],
[5,84.92],
[8,30.28],
[4,37.85],
[3,61.05],
[3,48.02],
[4,61.33],
[3,58.87],
[4,45.73],
[3,36.56],
[10,39.44],
[3,36.28],
[3,40.45],
[3,98.65],
[3,30.18],
[4,17.56],
[3,49.41],
