["Score", "Readability"],
[3,-1.38],
[-9,110.13],
[12,103.01],
[4,94.92],
[88,66.40],
[5,88.34],
[610,108.63],
[350,81.86],
[53,80.25],
[16,39.24],
[230,65.79],
[79,94.30],
[5,73.17],
[33,66.78],
[33,68.98],
[77,18.35],
[37,77.88],
[8,31.88],
[40,2.86],
[22,53.97],
[16,66.15],
[138,50.27],
[3,154.94],
[14,46.95],
[31,135.27],
[46,11.12],
[16,54.75],
[4,93.48],
[148,76.50],
[53,109.04],
[29,42.77],
[15,76.50],
[14,120.55],
[7,62.22],
[7,88.00],
[10,107.40],
[8,12.44],
[15,83.01],
[44,21.33],
[94,69.14],
[7,76.91],
[12,68.94],
[12,37.96],
[10,18.35],
[8,36.08],
[183,90.96],
[13,61.45],
[6,95.69],
[13,80.69],
[6,53.97],
[3,88.00],
[3,65.17],
[49,65.56],
[3,59.68],
[7,41.40],
[3,119.44],
[3,55.18],
[3,56.25],
[3,75.12],
[12,46.87],
[4,110.06],
[3,78.87],
[4,74.81],
[10,22.47],
[3,42.87],
[3,103.01],
[5,144.35],
[66,95.95],
[4,82.72],
[10,53.08],
[4,37.57],
[24,51.67],
[12,21.19],
[12,98.02],
[3,33.65],
[5,9.46],
[240,40.29],
[14,36.85],
[6,4.38],
[6,50.71],
[4,37.08],
[17,66.40],
[3,117.11],
[410,56.76],
[6,94.56],
[3,101.37],
[4,63.72],
[20,89.90],
[9,61.89],
[4,27.73],
[46,46.84],
[7,16.32],
[12,88.00],
[5,48.55],
[19,90.05],
[5,84.45],
[10,40.56],
[4,-0.51],
[6,110.74],
[5,73.20],
[8,110.06],
[10,53.71],
[7,70.14],
[8,44.10],
[3,114.07],
[4,59.10],
[9,96.02],
[11,51.92],
[4,43.08],
[-4,71.77],
[8,68.94],
[3,78.25],
[7,76.03],
[6,139.33],
[6,134.14],
[5,88.59],
[-9,134.08],
[16,33.03],
[5,61.89],
[3,63.49],
[10,81.86],
[3,72.87],
[3,83.85],
[-6,139.33],
[5,35.22],
[10,102.78],
[4,80.50],
[3,25.80],
[5,36.16],
[-9,71.07],
[3,65.17],
[8,83.10],
[12,32.80],
[4,40.93],
[4,55.40],
[4,69.15],
[10,57.23],
[6,85.02],
[3,95.95],
[-6,56.25],
[4,34.88],
[3,48.55],
[6,39.29],
[21,34.00],
[3,71.23],
[7,90.13],
[3,21.02],
[3,60.63],
[5,37.46],
[8,107.40],
[4,115.13],
[9,44.31],
[4,44.41],
[6,30.44],
[3,57.01],
[4,57.38],
[5,122.50],
[3,53.72],
[5,84.45],
[-7,79.56],
[5,116.15],
[6,35.12],
[9,53.64],
[6,21.65],
[6,46.95],
[3,9.40],
[3,69.79],
[4,67.53],
[-5,139.33],
[3,69.79],
[4,56.53],
[4,47.83],
[4,49.54],
[3,26.31],
[3,23.97],
[4,38.19],
[4,54.05],
[3,77.09],
[3,26.31],
[3,115.13],
[4,95.94],
[-8,75.77],
[4,8.71],
[4,78.81],
[4,90.70],
[9,59.32],
[5,41.65],
[3,89.52],
[3,34.64],
[3,66.46],
[5,49.78],
[15,60.63],
[36,51.07],
[17,95.17],
[7,75.14],
[11,55.50],
[3,60.10],
[3,46.51],
[8,30.59],
[11,41.19],
[6,56.61],
[6,34.33],
[115,115.13],
[14,73.05],
[5,47.04],
[10,63.10],
[10,61.05],
[4,75.05],
[-6,144.35],
[7,19.82],
[3,65.17],
[3,63.70],
[4,25.90],
[31,82.03],
[3,52.33],
[-3,109.04],
[4,90.96],
[-9,69.14],
[3,31.04],
[3,101.37],
[3,28.05],
[4,43.71],
[-3,110.06],
[4,82.55],
[6,13.86],
[-5,32.25],
[3,48.11],
[4,64.53],
[16,76.34],
[3,84.45],
[3,96.02],
[3,103.01],
[4,25.13],
[-5,95.73],
[4,31.00],
[136,83.01],
[6,60.19],
[49,80.31],
[31,103.01],
[38,61.68],
[-10,49.52],
[265,96.02],
[65,81.86],
[56,47.30],
[78,65.56],
[12,88.91],
[3,33.53],
[11,43.24],
[136,95.94],
[123,88.91],
[61,80.10],
[3,11.07],
[6,67.38],
[16,65.67],
[28,46.07],
[66,10.20],
[7,52.50],
[6,92.17],
[27,71.29],
[8,103.54],
[4,55.46],
[662,42.17],
[10,61.67],
[14,66.80],
[4,103.62],
[3,120.21],
[5,93.47],
[11,58.41],
[3,54.10],
[23,68.93],
[3,71.77],
[12,81.77],
[3,56.20],
[8,88.71],
[21,34.26],
[3,95.17],
[5,64.66],
[-3,56.25],
[3,38.27],
[-6,96.11],
[8,45.18],
[4,80.10],
[3,26.68],
[3,51.12],
[3,43.85],
[3,72.33],
[3,48.64],
[3,52.05],
[4,-2.95],
[22,-5.38],
[9,30.34],
[6,34.46],
[8,25.72],
[3,38.49],
[6,112.09],
[7,89.52],
[5,38.37],
[5,79.85],
[3,68.10],
[6,80.47],
[6,62.70],
[4,-4.75],
[5,73.80],
[7,36.52],
[4,41.48],
[3,92.97],
[3,122.50],
[3,101.27],
[3,48.21],
[3,34.90],
[7,90.09],
[3,69.23],
[7,106.00],
[3,25.61],
[3,-5.58],
[3,80.47],
[4,77.81],
[3,30.13],
[3,47.83],
[10,43.33],
[42,50.75],
[10,61.85],
[7,112.09],
[4,60.12],
[33,49.62],
[97,108.03],
[53,30.48],
[4,50.94],
[65,102.62],
[3,42.51],
[83,38.49],
[16,53.21],
[11,60.71],
[6,72.55],
[6,50.00],
[9,59.07],
[19,47.60],
[8,95.69],
[10,59.03],
[3,41.40],
[6,103.38],
[11,53.55],
[5,71.77],
[18,77.16],
[4,118.76],
[3,25.07],
[12,44.77],
[8,62.78],
[7,48.39],
[3,38.76],
[32,90.09],
[4,41.55],
[6,70.14],
[21,53.29],
[7,55.39],
[7,77.81],
[9,49.00],
[4,61.67],
[5,49.77],
[9,55.94],
[8,40.53],
[18,54.15],
[4,39.58],
[21,90.83],
[3,35.42],
[4,49.52],
[5,-8.82],
[5,120.55],
[13,86.71],
[8,40.06],
[4,51.34],
[3,92.06],
[3,35.40],
[-4,88.00],
[4,84.75],
[6,68.10],
[4,77.81],
[4,78.25],
[3,82.30],
[4,22.94],
[3,109.04],
[4,84.08],
[7,66.97],
[4,10.34],
[5,44.80],
[6,95.95],
[4,48.49],
[15,77.81],
[3,103.54],
[3,55.39],
[3,84.84],
[4,39.43],
[16,39.62],
[3,39.60],
[3,39.24],
[6,60.63],
[4,63.04],
[3,71.82],
[3,58.12],
[3,32.39],
[20,81.73],
[3,59.56],
[3,46.75],
[3,40.03],
[6,40.53],
[3,29.20],
[3,54.32],
[3,88.91],
[3,103.54],
[4,73.14],
[5,69.79],
[3,65.58],
[3,43.96],
[3,86.71],
[5,-0.28],
[3,55.03],
[4,77.81],
[6,33.77],
[4,39.43],
[5,27.38],
[5,85.16],
[4,83.38],
[3,42.83],
[12,62.34],
[3,80.47],
[4,63.23],
[3,49.26],
[9,96.58],
[7,87.28],
[4,76.50],
[3,66.37],
[4,47.17],
[4,60.27],
[4,56.97],
[92,73.20],
[305,85.07],
[1166,99.60],
[631,60.63],
[274,88.00],
[310,76.56],
[499,95.95],
[347,76.56],
[570,95.95],
[128,103.70],
[165,95.69],
[456,55.41],
[148,24.28],
[-70,-2.03],
[52,74.24],
[173,81.86],
[419,64.66],
[127,79.56],
[132,85.07],
[214,71.77],
[112,94.30],
[92,86.73],
[523,78.63],
[-31,80.31],
[31,65.19],
[52,62.08],
[66,95.95],
[939,83.85],
[119,95.17],
[111,54.96],
[266,22.41],
[76,89.86],
[561,39.14],
[125,114.12],
[39,103.54],
[56,66.37],
[54,41.88],
[86,43.59],
[21,71.78],
[65,88.00],
[628,51.07],
[27,45.70],
[37,50.10],
[208,77.61],
[66,60.84],
[35,41.56],
[85,60.63],
[20,46.30],
[13,89.90],
[37,55.39],
[86,61.67],
[4,41.65],
[9,62.88],
[37,84.90],
[726,62.97],
[5,48.53],
[3,17.19],
[108,50.59],
[206,44.38],
[3,103.85],
[7,67.76],
[785,60.11],
[3,85.07],
[3,95.17],
[6,78.81],
[-4,111.07],
[9,23.96],
[28,17.05],
[5,71.28],
[5,86.71],
[-9,101.98],
[-7,103.54],
[6,51.49],
[7,70.93],
[5,83.75],
[4,75.69],
[3,42.44],
[4,55.69],
[3,55.44],
[3,116.15],
[3,112.09],
[3,94.30],
[3,33.53],
[3,60.36],
[3,43.78],
[6,70.14],
[4,109.09],
[3,47.29],
[3,48.66],
[3,62.63],
[-6,76.56],
[4,74.81],
[3,124.69],
[4,28.50],
[3,122.50],
[4,84.45],
[3,80.25],
[3,124.16],
[4,100.24],
[3,69.81],
[3,85.07],
[3,52.87],
[3,52.58],
[3,65.73],
[3,55.43],
[3,88.00],
[3,103.70],
[3,61.89],
[3,113.10],
[3,53.84],
[3,73.78],
[3,102.53],
[-4,42.84],
[-3,130.25],
[12,121.17],
[4,82.18],
[-6,58.41],
[-9,50.96],
[5,62.33],
[-3,59.63],
[6,34.98],
[-6,86.71],
[-3,103.04],
[3,68.10],
[3,50.27],
[-3,51.71],
[9,35.30],
[7,116.15],
[14,61.67],
[9,54.57],
[7,47.56],
[5,58.41],
[5,31.72],
[5,76.32],
[5,62.11],
[4,112.59],
[83,25.80],
[5,43.78],
[4,80.31],
[34,35.31],
[12,59.92],
[12,43.78],
[9,40.00],
[31,47.56],
[10,85.07],
[20,109.09],
[14,118.76],
[8,117.11],
[4,-7.61],
[7,71.07],
[3,74.81],
[21,80.68],
[31,90.62],
[3,61.45],
[87,71.07],
[7,29.57],
[11,64.06],
[38,29.49],
[5,21.06],
[9,77.10],
[114,95.42],
[55,94.56],
[50,63.66],
[4,86.71],
[22,55.29],
[3,5.66],
[14,78.82],
[3,61.89],
[22,63.87],
[80,72.62],
[4,30.09],
[71,80.69],
[65,82.93],
[38,66.37],
[23,52.67],
[52,63.60],
[29,83.01],
[45,89.90],
[58,54.96],
[13,114.07],
[5,73.10],
[4,49.30],
[27,100.00],
[3,53.12],
[13,42.53],
[64,65.79],
[75,63.02],
[19,67.53],
[-3,50.61],
[4,60.96],
[16,81.82],
[77,97.71],
[17,95.17],
[11,115.55],
[4,84.45],
[3,51.18],
[3,45.00],
[4,59.62],
[17,73.85],
[3,46.67],
[5,67.76],
[9,66.79],
[3,45.56],
[4,54.21],
[41,66.15],
[11,59.52],
[3,71.82],
[3,76.56],
[5,43.79],
[3,50.29],
[16,62.84],
[3,112.09],
[4,89.59],
[7,51.96],
[3,89.52],
[5,83.01],
[9,18.00],
[5,65.73],
[3,60.85],
[4,114.07],
[6,95.43],
[3,70.14],
[6,72.62],
[3,68.10],
[3,53.39],
[-4,49.73],
[4,46.18],
[4,65.17],
[3,73.05],
[4,87.35],
[11,89.55],
[4,69.75],
[3,74.07],
[23,43.34],
[29,56.93],
[8,39.20],
[4,76.50],
[4,74.07],
[3,48.04],
[3,60.50],
[84,33.09],
[6,55.90],
[71,103.70],
[5,27.26],
[102,58.93],
[82,41.59],
[3,57.95],
[11,49.89],
[21,37.75],
[4,39.71],
[48,-8.82],
[7,25.41],
[5,91.43],
[8,59.64],
[208,42.49],
[6,41.94],
[17,139.33],
[4,61.44],
[8,56.01],
[5,35.58],
[43,78.81],
[24,54.37],
[3,67.25],
[7,24.71],
[14,122.06],
[5,112.09],
[3,52.58],
[64,63.06],
[4,54.43],
[7,37.89],
[11,20.65],
[7,49.41],
[25,63.31],
[3,59.04],
[3,58.48],
[8,53.25],
[39,31.02],
[232,51.34],
[15,51.62],
[3,26.54],
[3,6.72],
[38,60.01],
[5,27.26],
[4,41.87],
[3,63.25],
[3,63.49],
[3,25.84],
[3,54.88],
[3,89.52],
[3,57.20],
[42,40.85],
[4,41.03],
[3,52.87],
[5,80.31],
[3,59.68],
[7,113.10],
[5,69.99],
[4,73.13],
[6,46.62],
[3,28.59],
[3,32.57],
[5,44.42],
[104,56.30],
[5,52.73],
[3,25.80],
[43,35.21],
[5,65.17],
[4,59.10],
[5,63.49],
[3,95.69],
[3,54.70],
[12,107.41],
[9,38.39],
[3,78.35],
[3,54.95],
[23,30.87],
[3,36.38],
[4,17.78],
[27,69.23],
[4,52.67],
[5,95.73],
[4,53.13],
[3,76.48],
[3,90.13],
[9,56.20],
[4,92.90],
[3,56.87],
[26,46.52],
[6,29.75],
[4,126.45],
[3,85.63],
[3,76.56],
[13,23.66],
[10,58.43],
[54,61.35],
[5,63.50],
[4,57.65],
[9,74.81],
[3,29.30],
[3,89.61],
[6,68.93],
[21,69.14],
[5,61.67],
[20,53.66],
[5,87.68],
[5,66.62],
[11,89.52],
[4,83.85],
[3,81.86],
[5,77.46],
[3,103.38],
[3,83.01],
[3,51.18],
[5,63.03],
[3,57.23],
[3,83.01],
[6,84.84],
[3,38.38],
[3,59.08],
[4,36.46],
[4,54.70],
[4,48.90],
[3,-1.38],
[3,56.97],
[3,51.23],
[-5,139.30],
[3,62.29],
[3,95.69],
[417,89.90],
[66,95.94],
[692,42.17],
[595,80.68],
[4,103.70],
[3,103.54],
[76,85.16],
[6,89.52],
[5,145.84],
[9,95.95],
[7,88.00],
[1969,35.51],
[5,84.84],
[63,63.49],
[1056,122.50],
[471,76.50],
[307,123.93],
[19,48.53],
[1303,103.62],
[3,82.39],
[31,80.31],
[97,89.86],
[161,124.69],
[8,78.25],
[886,56.78],
[8,56.25],
[280,88.91],
[770,103.04],
[136,100.71],
[169,30.69],
[10,83.01],
[22,89.47],
[968,78.25],
[20,131.90],
[594,40.04],
[1541,49.48],
[119,50.29],
[215,114.12],
[238,63.60],
[1886,102.53],
[31,85.88],
[1104,69.79],
[5,34.16],
[60,59.64],
[3,59.77],
[3,85.14],
[192,102.53],
[23,86.71],
[7,116.15],
[1853,56.80],
[436,80.78],
[109,52.74],
[4,74.68],
[626,42.17],
[463,89.90],
[98,15.73],
[166,32.43],
[5,70.10],
[740,95.00],
[5,102.53],
[21,89.90],
[17,95.95],
[3,103.54],
[73,88.91],
[306,122.50],
[18,45.80],
[51,103.70],
[9,95.94],
[16,75.46],
[9,184.84],
[3,45.38],
[81,26.53],
[4,100.71],
[8,56.98],
[4,38.53],
[378,64.92],
[3,66.53],
[16,114.12],
[6,52.40],
[59,79.56],
[5,60.48],
[3,50.67],
[2044,145.84],
[148,80.50],
[969,127.22],
[456,52.56],
[107,69.79],
[352,67.33],
[486,49.48],
[3319,78.97],
[197,66.40],
[4,95.73],
[3,88.00],
[63,76.23],
[17,44.70],
[1183,27.82],
[230,79.76],
[38,57.23],
[75,70.32],
[68,55.01],
[1537,41.55],
[10,60.47],
[14,101.37],
[52,75.50],
[44,115.55],
[52,101.37],
[16,85.16],
[3,88.00],
[4,82.39],
[4,67.53],
[14,60.63],
[138,80.79],
[3,73.17],
[24,135.27],
[3,89.90],
[4,63.60],
[3,95.95],
[12,47.78],
[11,42.45],
[3,90.09],
[4,68.56],
[3,77.81],
[19,70.31],
[260,67.33],
[3,57.95],
[3,83.78],
[19,95.94],
[36,95.94],
[20,81.94],
[4,101.98],
[82,177.92],
[71,124.69],
[50,130.25],
[40,95.95],
[9,56.80],
[1163,95.42],
[13,131.90],
[4,50.38],
[3,39.81],
[3,68.77],
[13,69.30],
[34,71.77],
[32,100.00],
[3,63.14],
[3,95.94],
[119,97.00],
[6,91.74],
[3,4.94],
[3,71.07],
[4,59.02],
[3,56.38],
[8,56.97],
[3,103.65],
[4,65.75],
[911,66.16],
[4,72.99],
[4,74.44],
[3,64.92],
[3,49.52],
[8,41.30],
[3,53.97],
[3,41.61],
[3,80.31],
[10,78.79],
[268,42.73],
[99,32.56],
[155,42.75],
[78,42.45],
[62,56.93],
[51,44.52],
[48,27.51],
[48,56.80],
[91,71.77],
[43,13.66],
[80,70.01],
[79,112.09],
[38,86.71],
[27,58.10],
[26,41.56],
[27,76.23],
[24,89.86],
[24,15.73],
[23,88.00],
[18,56.97],
[20,65.73],
[37,82.55],
[18,46.39],
[17,25.93],
[16,10.57],
[29,15.40],
[31,47.85],
[15,43.87],
[24,47.77],
[11,47.60],
[10,56.78],
[11,30.88],
[11,18.73],
[11,46.95],
[142,55.58],
[10,19.15],
[17,51.92],
[17,61.67],
[10,76.12],
[9,72.72],
[9,73.17],
[9,54.54],
[7,55.58],
[8,17.41],
[6,117.11],
[11,116.15],
[7,61.67],
[7,85.14],
[5,61.89],
[10,90.09],
[5,43.20],
[5,44.16],
[4,55.95],
[4,95.17],
[3,34.26],
[3,42.12],
[3,43.21],
[3,28.00],
[4,66.67],
[4,47.72],
[4,61.89],
[3,73.17],
[3,60.36],
[4,52.87],
[3,71.77],
[3,67.33],
[3,75.30],
[6,134.14],
[4,60.63],
[5,85.89],
[3,77.81],
[3,92.86],
[3,55.13],
[3,27.13],
[3,22.13],
[3,103.38],
[4,44.35],
[4,33.65],
[6,42.59],
[3,84.81],
[-3,76.50],
[-3,135.27],
[-3,120.55],
[265,46.10],
[197,60.35],
[376,95.42],
[273,74.27],
[123,53.76],
[346,74.27],
[840,55.58],
[462,69.14],
[93,71.77],
[269,95.95],
[168,78.03],
[157,103.38],
[453,60.05],
[115,91.43],
[59,88.91],
[53,48.91],
[127,103.70],
[45,51.18],
[85,53.81],
[206,70.77],
[27,80.31],
[69,59.10],
[22,124.69],
[44,54.54],
[39,50.62],
[17,79.75],
[31,92.97],
[18,74.81],
[53,83.01],
[14,135.27],
[39,78.25],
[13,53.84],
[11,72.49],
[21,57.70],
[17,96.02],
[15,57.07],
[11,47.84],
[7,57.31],
[12,63.97],
[4,53.76],
[16,35.30],
[7,47.83],
[3,95.17],
[3,103.62],
[3,103.01],
[4,103.01],
[3,71.78],
[3,83.01],
[4,86.71],
[4,47.75],
[3,103.62],
[3,50.79],
[3,37.37],
[7,60.76],
[3,85.14],
[3,54.21],
[3,60.71],
[3,34.16],
[3,30.88],
[3,80.10],
[58,89.90],
[17,61.42],
[15,77.74],
[13,36.88],
[15,27.73],
[5,35.52],
[8,31.58],
[4,76.50],
[4,41.29],
[4,74.72],
[4,65.57],
[4,68.75],
[5,77.81],
[3,90.96],
[3,78.25],
[3,32.23],
[3,47.91],
[3,25.55],
[3,49.87],
[3,27.16],
[3,48.73],
[6,95.95],
[4,122.50],
[4,63.10],
[4,124.69],
[4,45.00],
[4,37.28],
[-3,130.25],
[23,48.10],
[15,67.53],
[13,72.72],
[12,58.41],
[10,111.28],
[10,52.09],
[9,103.38],
[11,26.93],
[11,83.01],
[9,99.53],
[15,46.95],
[7,51.58],
[7,50.29],
[8,47.72],
[7,26.47],
[13,77.81],
[11,49.04],
[11,35.95],
[20,145.84],
[4,43.73],
[3,53.97],
[4,96.02],
[4,76.46],
[8,23.76],
[8,35.51],
[9,69.17],
[6,53.71],
[4,47.98],
[3,101.98],
[4,57.61],
[4,38.21],
[3,73.04],
[4,6.94],
[4,55.94],
[3,66.49],
[3,44.01],
[3,31.59],
[3,43.87],
[4,122.50],
[3,95.94],
[3,15.73],
[4,68.98],
[3,36.93],
[3,103.54],
[3,36.91],
[3,52.89],
[17,29.91],
[9,43.74],
[8,62.17],
[7,45.07],
[7,28.34],
[7,68.21],
[5,41.40],
[9,66.37],
[5,52.58],
[5,52.02],
[4,19.72],
[6,9.62],
[3,32.94],
[3,41.48],
[3,83.01],
[3,56.03],
[3,42.01],
[4,95.95],
[4,49.48],
[4,46.07],
[6,50.61],
[3,56.25],
[3,21.99],
[3,30.95],
[3,35.23],
[3,66.49],
[11,103.62],
[8,82.43],
[7,82.39],
[6,86.71],
[10,35.31],
[5,66.37],
[5,31.43],
[5,59.73],
[5,41.24],
[7,139.30],
[3,96.02],
[3,94.30],
[3,92.06],
[3,74.27],
[3,47.39],
[3,80.31],
[3,60.36],
[3,60.65],
[5,48.31],
[4,52.87],
[3,46.61],
[3,16.65],
[3,34.26],
[3,73.80],
[3,39.73],
[3,72.62],
[3,22.33],
[3,37.52],
[7,58.22],
[6,103.38],
[5,66.87],
[5,95.73],
[5,60.01],
[4,80.31],
[4,43.06],
[4,103.62],
[3,71.78],
[3,65.57],
[3,103.70],
[3,52.39],
[3,130.25],
[3,86.61],
[3,52.02],
[3,86.71],
[3,37.45],
[3,50.45],
[3,66.54],
[7,48.20],
[8,79.56],
[6,71.67],
[3,2.07],
[4,42.45],
[3,25.89],
[3,77.81],
[5,59.63],
[4,74.89],
[3,130.25],
[3,84.81],
[4,71.07],
[4,83.01],
[4,127.22],
[4,117.11],
[4,84.81],
[4,60.19],
[3,72.32],
[3,78.25],
[3,20.37],
[3,128.16],
