[[74,54.98],
[24,50.61],
[3,120.06],
[12,139.33],
[6,77.45],
[4,175.59],
[10,101.51],
[3,88.73],
[6,128.53],
[4,131.90],
[6,116.15],
[3,85.01],
[37,61.10],
[4,90.33],
[3,84.92],
[4,100.72],
[13,51.07],
[4,55.08],
[10,73.17],
[3,154.94],
[3,95.42],
[3,92.43],
[4,103.29],
[4,82.43],
[3,107.60],
[8,80.25],
[4,58.25],
[4,56.97],
[3,96.43],
[4,42.71],
[6,137.47],
[40,95.69],
[72,36.78],
[-4,41.55],
[-9,127.40],
[53,77.81],
[7,78.87],
[-11,48.64],
[5,12.99],
[17,116.15],
[24,52.05],
[-6,139.33],
[6,84.84],
[-7,72.59],
[18,96.11],
[-6,111.07],
[8,70.59],
[15,53.72],
[6,44.00],
[-4,47.78],
[6,69.98],
[7,88.00],
[11,86.45],
[5,86.71],
[9,27.70],
[4,72.62],
[14,108.63],
[13,34.25],
[4,78.38],
[13,56.87],
[4,52.71],
[6,95.94],
[12,119.40],
[6,55.60],
[3,70.08],
[6,40.13],
[7,52.95],
[354,71.90],
[13,73.85],
[30,147.39],
[8,102.05],
[71,110.55],
[162,57.61],
[4,144.63],
[74,5.28],
[66,145.84],
[110,111.53],
[549,67.80],
[24,105.74],
[18,91.60],
[49,119.39],
[-9,49.48],
[161,148.15],
[9,159.46],
[59,16.81],
[5,72.83],
[6,156.79],
[3,131.90],
[3,78.31],
[1766,15.97],
[3,148.91],
[3,108.96],
[4,39.74],
[15,64.18],
[30,147.42],
[479,72.95],
[19,85.86],
[15,147.39],
[13,46.61],
[3,69.57],
[8,81.05],
[5,89.16],
[3,144.35],
[22,56.08],
[3,95.42],
[7,151.93],
[3,41.60],
[46,107.15],
[4,59.88],
[4,72.04],
[3,112.88],
[73,17.74],
[3,90.96],
[17,55.74],
[14,78.92],
[4,75.88],
[4,113.10],
[12,57.92],
[7,93.17],
[3,139.33],
[4,66.83],
],

