["Score", "Readability"],
[24,115.64],
[3,97.03],
[9,119.19],
[4,84.90],
[149,98.00],
[-15,32.98],
[-11,139.33],
[127,120.11],
[11,135.27],
[-9,154.94],
[384,98.87],
[-10,139.33],
[5,162.50],
[20,43.96],
[22,92.97],
[19,144.35],
[11,78.33],
[1462,171.73],
[4,116.65],
[148,118.18],
[35,162.50],
[7,163.52],
[14,160.48],
[28,95.97],
[6,112.97],
[5,88.91],
[18,108.27],
[-19,131.90],
[6,110.06],
[11,118.76],
[11,97.03],
[6,153.54],
[4,78.20],
[5,100.39],
[-3,134.08],
[24,94.51],
[4,76.50],
[12,13.36],
[-4,140.68],
[6,124.69],
[5,57.77],
[12,122.80],
[14,127.07],
[28,91.43],
[3,108.03],
[264,60.09],
[4,151.39],
[-5,103.04],
[3,115.13],
[21,122.50],
[22,145.84],
[53,117.67],
[270,92.97],
[3,117.16],
[26,73.25],
[224,82.39],
[11,78.87],
[11,75.51],
[31,81.86],
[-14,102.05],
[60,116.15],
[40,83.01],
[8,95.22],
[10,72.04],
[5,108.98],
[3,85.44],
[3,119.95],
[12,116.15],
[-3,105.09],
[3,73.14],
[-7,92.97],
[7,90.96],
[5,117.16],
[101,96.02],
[32,74.69],
[4,99.40],
[175,57.00],
[7,67.49],
[-8,139.33],
[10,96.02],
[4,91.78],
[5,88.91],
[-20,90.99],
[7,19.78],
[8,79.68],
[4,114.12],
[3,109.09],
[3,67.53],
[4,65.30],
[3,92.06],
[9,156.72],
[6,92.97],
[3,75.36],
[103,42.14],
[4,93.33],
[-18,52.58],
[4,86.87],
[3,71.29],
[1262,31.63],
[3,99.02],
[19,103.01],
[6,134.08],
[-5,112.09],
[26,97.03],
[3,13.92],
[447,41.02],
[15,139.33],
[634,109.13],
[3,118.18],
[4,99.49],
[22,116.15],
[-4,118.18],
[3,139.33],
[66,116.32],
[3,170.46],
[539,56.57],
[9,103.04],
[34,83.85],
[11,135.77],
[26,72.52],
[3,95.95],
[-3,127.22],
[-7,32.22],
[3,76.56],
[7,66.40],
[3,92.00],
[33,90.13],
[3,131.95],
[3,31.14],
[12,117.16],
[28,102.53],
[42,128.75],
[16,108.96],
[3,89.52],
[33,76.97],
[9,167.92],
[5,75.88],
[7,128.75],
[9,103.38],
[6,181.62],
[3,102.05],
[3,181.62],
[8,84.90],
[8,101.27],
[9,89.61],
[29,102.05],
[171,87.68],
[41,93.58],
[27,49.42],
[10,102.05],
[100,100.24],
[8,91.78],
[27,63.32],
[3,118.18],
[-5,74.49],
[-15,22.30],
[3,102.05],
[-9,100.24],
[7,87.80],
[-7,44.05],
[15,108.37],
[-4,93.58],
[18,78.92],
[37,89.86],
[-3,133.29],
[5,134.08],
[3,127.22],
[126,80.92],
[4,142.85],
[21,95.03],
[-24,18.66],
[1892,60.28],
[4,91.78],
[-6,71.82],
[13,94.83],
[3,35.81],
[8,140.68],
[4,119.70],
[522,97.70],
[4,71.77],
[1971,157.07],
[13,76.59],
[79,78.87],
[17,116.65],
[6,117.16],
[12,116.15],
[19,137.89],
[23,91.43],
[5,112.09],
[345,88.59],
[18,89.61],
[4,167.92],
[32,21.51],
[-8,120.61],
[4,86.62],
[5,25.75],
[-14,116.65],
[6,53.25],
[-6,85.30],
[3,47.43],
[-4,90.96],
[-10,139.33],
[7,72.84],
[-5,65.58],
[-3,91.81],
[3,104.82],
[-8,84.52],
[50,79.87],
[3,108.27],
[4,127.22],
[5,100.24],
[4,90.94],
[-8,78.20],
[4,93.70],
[26,111.45],
[8,154.38],
[-3,85.92],
[3,167.92],
[9,111.07],
[4,124.69],
[4,77.63],
[8,67.78],
[-3,90.09],
[9,60.63],
[3,162.50],
[16,96.01],
[-3,82.48],
[4,97.03],
[-22,73.80],
[-3,117.16],
[-3,73.30],
[-3,58.40],
[6,70.18],
[3,94.78],
[4,66.10],
[-3,127.22],
[-4,68.77],
[-3,124.69],
[-3,81.86],
[3,109.13],
[-5,115.55],
[-4,76.55],
[-3,86.22],
[3,103.62],
[4,84.75],
[-3,107.86],
[-3,61.45],
[-3,86.40],
[-3,83.10],
[19,65.20],
[4,88.73],
[11,76.89],
[3,103.54],
[-6,94.30],
[4,104.47],
[3,167.92],
[4,118.18],
[-3,82.02],
[-4,61.04],
[41,33.47],
[-5,99.53],
[-3,103.04],
[-3,118.18],
[3,100.39],
[-6,129.00],
[5,65.14],
[-3,167.92],
[5,60.76],
[-3,118.76],
[8,78.79],
[-5,89.08],
[3,104.48],
[3,118.68],
[3,45.37],
[4,95.69],
[-5,86.70],
[198,117.16],
[3,81.24],
[6,91.43],
[12,74.04],
[120,98.87],
[14,108.96],
[3,119.19],
[3,116.15],
[25,71.52],
[48,95.95],
[10,99.23],
[9,106.60],
[16,66.37],
[3,122.50],
[18,55.40],
[7,156.42],
[7,103.54],
[13,66.80],
[28,58.41],
[12,90.09],
[4,111.07],
[-3,52.02],
[7,139.33],
[6,71.75],
[4,181.62],
[4,117.16],
[64,38.42],
[5,85.88],
[11,103.70],
[4,82.39],
[10,97.03],
[15,114.62],
[-12,32.82],
[6,44.15],
[3,103.04],
[37,96.74],
[5,79.89],
[56,87.95],
[-5,92.97],
[24,78.92],
[8,94.30],
[5,86.29],
[3,103.70],
[-9,46.61],
[-14,40.51],
[16,154.94],
[3,78.87],
[5,136.47],
[3,87.49],
[3,103.70],
[63,95.17],
[3,136.62],
[-7,147.39],
[10,151.00],
[238,115.13],
[19,78.92],
[-11,108.70],
[3,103.62],
[195,68.20],
[9,183.66],
[8,93.33],
[185,88.91],
[106,66.79],
[-8,204.81],
[13,54.48],
[69,102.05],
[14,134.08],
[3,80.31],
[6,20.62],
[3,158.44],
[15,88.06],
[4,94.30],
[5,66.76],
[3,71.28],
[6,135.27],
[3,65.30],
[7,53.64],
[12,74.02],
[6,128.75],
[4,77.81],
[10,120.55],
[3,106.00],
[11,103.01],
[7,67.76],
[3,106.00],
[3,83.01],
[3,70.32],
[3,78.25],
[-15,57.52],
[3,94.55],
[4,96.88],
[4,92.55],
[5,112.09],
[224,134.08],
[67,134.14],
[18,118.76],
[66,89.86],
[8,79.76],
[5,95.17],
[7,158.44],
[4,103.65],
[5,35.27],
[3,72.52],
[3,115.13],
[82,98.50],
[8,74.52],
[39,63.28],
[5,171.55],
[3,111.07],
[59,76.83],
[5,118.68],
[8,108.12],
[3,97.83],
[4,109.04],
[13,44.41],
[3,102.05],
[-3,75.88],
[15,109.10],
[9,101.37],
[19,202.78],
[6,91.81],
[5,102.05],
[3,75.53],
[3,119.70],
[29,78.92],
[10,103.38],
[5,134.08],
[8,181.62],
[3,66.15],
[4,70.82],
[49,158.44],
[33,118.76],
[11,88.37],
[6,124.34],
[5,82.39],
[4,97.34],
[3,134.14],
[3,172.55],
[3,75.88],
[4,57.07],
[26,71.82],
[7,181.62],
[-24,51.16],
[59,40.29],
[31,41.95],
[13,117.11],
[4,30.33],
[4,47.56],
[12,116.15],
[8,108.83],
[-7,84.35],
[-11,58.02],
[5,114.12],
[22,93.70],
[3,81.14],
[7,151.00],
[5,151.00],
[10,122.50],
[5,102.05],
[5,154.94],
[6,118.18],
[7,142.85],
[5,67.53],
[8,109.13],
[5,127.07],
[5,78.81],
[4,117.67],
[3,118.18],
[3,102.62],
[-3,86.62],
[1289,92.97],
[403,202.78],
[297,61.51],
[42,68.82],
[67,76.59],
[57,42.60],
[366,60.19],
[131,68.75],
[30,88.91],
[6,84.90],
[16,103.62],
[19,89.47],
[9,70.31],
[10,95.17],
[70,109.13],
[4,130.77],
[4,63.70],
[10,80.06],
[3,107.78],
[3,102.78],
[7,60.84],
[13,130.77],
[16,101.51],
[5,118.18],
[15,66.79],
[3,125.44],
[3,2.53],
[4,76.75],
[3,151.00],
[3,103.38],
[-3,113.10],
[3,79.94],
[-3,132.28],
[-4,116.15],
[-3,75.88],
[-3,66.79],
[-3,86.45],
[-6,73.94],
[-5,96.11],
[-14,120.55],
[-14,111.75],
[-15,120.55],
[-6,85.03],
[-8,95.94],
[-3,92.97],
[44,181.62],
[17,95.44],
[28,52.27],
[5,117.16],
[5,127.22],
[-8,108.27],
[44,108.98],
[27,83.32],
[4,95.73],
[5,95.73],
[4,101.37],
[3,83.85],
[-4,102.53],
[23,118.58],
[10,45.65],
[11,93.58],
[6,84.92],
[20,181.62],
[3,135.16],
[84,34.26],
[37,34.26],
[31,34.26],
[41,34.26],
[36,34.26],
[33,34.26],
[33,34.26],
[18,34.26],
[18,34.26],
[16,34.26],
[22,34.26],
[23,46.07],
[12,34.26],
[6,34.26],
[6,34.26],
[5,34.26],
[3,34.26],
[4,44.41],
[7,34.26],
[7,51.15],
[4,34.26],
[3,110.78],
[-5,105.41],
[-4,139.33],
[-5,118.68],
[-5,47.60],
[-15,183.66],
[-14,86.71],
[-16,89.77],
[14,158.44],
[25,108.27],
[9,76.23],
[-19,87.95],
[-15,128.44],
[27,88.00],
[-8,15.64],
[-19,88.49],
[-11,75.20],
[5,160.48],
[3,103.01],
[7,41.55],
[6,72.18],
[-17,67.67],
[22,134.08],
[4,99.74],
[8,111.13],
[4,102.05],
[3,153.54],
[28,135.27],
[12,124.69],
[5,117.16],
[9,56.66],
[4,115.64],
[5,118.68],
[3,47.26],
[-21,47.30],
[-3,116.15],
[7,55.13],
[3,131.90],
[15,119.19],
[5,90.09],
[4,148.09],
[4,144.28],
[5,78.92],
[7,95.42],
[3,76.89],
[14,79.81],
[5,78.92],
[11,93.58],
[10,78.77],
[12,68.07],
[7,71.82],
[6,103.01],
[5,118.18],
[4,78.92],
[3,122.15],
[4,116.15],
[6,114.12],
[5,124.34],
