["Score", "Readability"],
[3,92.97],
[78,151.40],
[3,37.12],
[13,68.82],
[3,81.86],
[3,83.32],
[31,107.10],
[65,73.75],
[7,19.37],
[4,81.86],
[24,34.45],
[-5,84.15],
[3,69.50],
[33,76.67],
[-6,43.81],
[4,92.91],
[3,80.20],
[5,80.19],
[5,76.54],
[3,102.78],
[3,83.32],
[16,63.88],
[-11,62.62],
[10,72.04],
[3,95.44],
[4,63.26],
[26,2.41],
[3,68.77],
[15,60.70],
[5,117.50],
[4,132.28],
[6,76.50],
[10,103.04],
[-8,85.03],
[3,113.61],
[6,108.95],
[3,71.82],
[3,75.12],
[3,50.67],
[3,94.30],
[3,73.78],
[3,102.99],
[4,89.90],
[14,91.06],
[3,132.03],
[3,48.33],
[4,24.50],
[3,115.64],
[3,-7.32],
[4,61.99],
[3,33.58],
[3,56.76],
[3,109.10],
[-4,105.70],
[4,80.20],
[24,100.29],
[4,76.07],
[4,82.90],
[6,70.08],
[9,48.63],
[17,67.49],
[14,88.00],
[3,83.25],
[5,47.83],
[3,94.33],
[3,113.10],
[5,74.81],
[7,65.56],
[3,93.78],
[3,50.67],
[3,46.10],
[6,11.34],
[7,78.67],
[3,59.63],
[3,96.37],
[16,95.94],
[26,78.20],
[12,35.56],
[9,53.32],
[6,89.52],
[5,108.96],
[4,73.57],
[3,57.61],
[3,69.52],
[3,76.59],
[12,72.26],
[7,115.64],
[5,156.42],
[5,76.55],
[4,89.44],
[4,117.84],
[13,66.18],
[7,115.64],
[4,82.48],
[4,57.13],
[8,100.39],
[5,45.21],
[3,62.97],
[3,72.72],
[4,85.30],
[4,74.03],
[167,41.17],
[16,89.61],
[13,89.47],
[5,-5.29],
[4,51.62],
[5,111.07],
[4,102.53],
[3,102.05],
[3,42.02],
[15,72.62],
[11,88.91],
[4,75.12],
[3,95.67],
[4,115.13],
