["Score", "Readability"],
[43,89.86],
[3,116.65],
[6,58.66],
[9,125.90],
[10,64.42],
[3,55.95],
[11,83.01],
[21,85.47],
[5,75.12],
[3,69.50],
[39,90.99],
[11,111.13],
[5,-3.05],
[3,51.30],
[7,55.95],
[8,53.89],
[3,138.14],
[9,90.13],
[3,131.90],
[-4,78.87],
[3,84.90],
[17,81.86],
[23,9.70],
[5,103.62],
[8,91.78],
[15,78.25],
[3,76.34],
[220,64.93],
[2175,68.82],
[25,131.90],
[3,114.12],
[7,68.82],
[6,42.22],
[3,116.15],
[4,108.27],
[5,69.16],
[5,46.86],
[19,127.07],
[3,62.17],
[3,117.67],
[4,75.12],
[9,112.09],
[15,89.61],
[3,78.25],
[22,118.58],
[15,-6.19],
[3,122.50],
[683,12.24],
[11,76.50],
[5,124.69],
[4,98.68],
[25,78.77],
[4,90.96],
[8,89.47],
[7,130.25],
[7,57.92],
[3,108.27],
[3,59.68],
[99,76.67],
[173,110.59],
[4,82.39],
[47,113.10],
[12,130.77],
[3,84.15],
[3,127.07],
[3,134.08],
[7,111.13],
[119,95.56],
[25,117.16],
[3,47.14],
[5,93.33],
[217,94.56],
[10,48.24],
[-3,75.94],
[4,97.03],
[7,70.80],
[6,86.45],
[4,100.24],
[3,160.48],
[31,70.10],
[6,100.24],
[13,58.87],
[10,65.03],
[4,29.33],
[6,76.55],
[3,83.85],
[5,65.61],
[4,151.39],
[4,80.68],
[8,64.30],
[3,119.19],
[32,88.91],
[4,113.10],
[7,108.96],
[6,115.13],
[20,124.69],
[6,82.39],
[3,109.10],
[6,67.33],
[3,74.85],
[4,128.75],
[4,39.52],
[4,75.88],
[-12,103.01],
[3,135.27],
[10,81.86],
[3,68.20],
[3,73.85],
[3,55.18],
[4,186.65],
[3,85.86],
[3,93.58],
[4,135.77],
[3,95.94],
[4,128.59],
[5,81.71],
[14,78.77],
[5,94.82],
[3,84.68],
[9,109.10],
[-4,136.47],
[3,71.29],
[4,87.95],
[3,65.73],
[38,90.09],
[3,96.11],
[8,97.00],
[107,96.37],
[3,107.15],
[3,129.00],
[4,18.78],
[11,54.71],
[3,83.29],
[4,78.77],
[-3,60.51],
[3,89.42],
[3,151.93],
[47,107.78],
[6,109.13],
[130,139.33],
[132,117.16],
[23,135.27],
[3,121.22],
[3,88.91],
[13,139.30],
[3,160.48],
[150,89.52],
[54,103.04],
[267,118.76],
[18,75.88],
[7,53.76],
[19,89.47],
[19,71.54],
[6,84.59],
[35,83.32],
[35,111.75],
[39,97.03],
[67,51.87],
[6,137.89],
[25,183.66],
[4,90.05],
[4,68.83],
[4,124.69],
[-9,94.56],
[6,96.58],
[20,77.96],
[4,89.47],
[-12,139.30],
[6,108.27],
[8,21.51],
[15,83.01],
[3,84.92],
[142,88.00],
[4,102.78],
[3,123.20],
[3,167.92],
[3,103.04],
[-5,93.54],
[3,158.44],
[7,139.33],
[18,47.39],
[6,80.92],
[20,60.12],
[3,108.83],
[-4,108.03],
[5,103.04],
[4,145.87],
[7,109.10],
[18,69.78],
[5,87.68],
[5,119.95],
[3,111.33],
[-3,90.38],
[10,46.33],
[4,95.73],
[5,103.26],
[3,50.47],
[5,96.02],
[3,108.70],
[7,37.06],
[3,126.15],
[14,71.07],
[3,78.81],
[4,86.71],
[5,89.52],
[6,120.46],
[60,93.70],
[3,49.54],
[12,114.12],
[5,74.84],
[30,101.93],
[8,88.96],
[3,3.87],
[3,94.51],
[7,91.69],
[42,118.29],
[20,118.18],
[18,121.22],
[1473,77.81],
[6,144.35],
[16,102.05],
[129,118.94],
[456,103.70],
[302,60.77],
[3,117.84],
[11,127.22],
[4,34.16],
[69,95.69],
[15,72.37],
[3,56.98],
[4,108.40],
[3,116.65],
[15,66.63],
[114,103.62],
[9,150.70],
[3,112.09],
[98,108.96],
[3,58.22],
[7,129.58],
[4,83.32],
[7,60.74],
[3,158.44],
[11,123.20],
[3,94.35],
[14,139.30],
[9,65.73],
[26,89.52],
[9,74.86],
[11,119.40],
[-7,81.86],
[10,80.31],
[3,144.35],
[3,109.04],
[38,90.13],
[8,75.77],
[26,97.43],
[4,52.02],
[3,95.46],
[4,86.71],
[-8,137.99],
[3,108.70],
[3,94.56],
[95,93.47],
[4,102.05],
[12,59.34],
[117,72.95],
[3,124.34],
[34,44.30],
[3,107.01],
[6,76.46],
[36,63.95],
[8,69.78],
[4,103.04],
[6,90.09],
[3,75.36],
[5,131.95],
[5,48.69],
[4,63.60],
[6,103.70],
[3,87.49],
[11,36.37],
[-4,98.55],
[3,52.30],
[11,57.92],
[26,73.42],
[5,116.15],
[3,106.53],
[3,103.04],
[3,94.04],
[3,70.67],
[3,89.60],
[4,103.54],
[3,103.01],
[3,112.09],
[3,80.20],
[3,111.35],
[7,116.65],
[-6,117.16],
[4,87.95],
[4,124.69],
[7,101.27],
[3,114.62],
[3,111.07],
[4,81.86],
[3,130.25],
[155,82.92],
[-16,139.33],
[9,76.97],
[4,87.19],
[-9,49.33],
[8,131.90],
[4,97.00],
[10,84.92],
[270,67.76],
[27,82.48],
[6,113.10],
[8,131.90],
[13,116.15],
[3,151.39],
[360,102.05],
[6,65.79],
[53,67.33],
[13,103.70],
[3,153.54],
[38,103.54],
[9,77.91],
[37,117.16],
[4,93.70],
[76,86.71],
[81,94.83],
[74,112.09],
[12,123.20],
[5,78.81],
[1426,-5.68],
[36,139.30],
[3,81.32],
[3,83.57],
[5,115.13],
[11,89.25],
[7,139.33],
[6,89.52],
[26,103.65],
[10,108.70],
[4,120.11],
[4,59.64],
[3,62.70],
[4,81.24],
[34,8.22],
[11,52.74],
[7,90.99],
[3,102.31],
[4,94.89],
[3,98.00],
[4,69.99],
[4,103.13],
[3,67.26],
[53,139.30],
[21,92.38],
[4,72.33],
[7,156.72],
[15,66.80],
[-11,75.50],
[3,74.27],
[5,101.27],
[8,72.99],
[41,103.38],
[3,19.78],
[22,50.07],
[4,109.04],
[3,81.86],
[-5,2.90],
[5,95.94],
[4,82.39],
[3,134.08],
[3,140.68],
[45,66.53],
[40,139.30],
[30,90.09],
[18,93.70],
[4,83.01],
[3,65.56],
[3,103.62],
[6,139.33],
[6,18.80],
[6,114.12],
[23,78.87],
[27,136.62],
[11,134.08],
[5,54.17],
[13,136.62],
[4,96.00],
[66,89.60],
[3,88.91],
[108,81.63],
[3,124.34],
[6,123.13],
[5,95.00],
[50,27.49],
[12,80.20],
[8,60.96],
[12,111.51],
[-5,80.07],
[13,66.88],
[33,111.35],
[-10,103.54],
[3,86.62],
[53,111.07],
[515,90.96],
[9,118.68],
[5,108.78],
[-9,95.69],
[151,124.34],
[5,99.00],
[5,103.70],
[3,75.06],
[5,78.87],
[332,58.97],
[19,84.92],
[14,60.74],
[5,13.78],
[24,73.17],
[3,184.84],
[6,47.30],
[64,54.75],
[1268,90.96],
[3,93.57],
[-11,76.59],
[119,103.42],
[4,47.94],
[8,81.35],
[31,111.13],
[3,117.16],
[5,122.06],
[-5,27.29],
[5,77.81],
[-5,121.22],
[19,40.45],
[6,78.24],
[-6,130.25],
[3,103.70],
[3,109.13],
[-3,36.73],
[4,72.04],
[3,131.90],
[20,73.85],
[3,91.61],
[7,123.20],
[7,30.39],
[6,90.96],
[3,79.56],
[12,52.87],
[-3,102.01],
[4,80.90],
[4,55.60],
[5,76.23],
[10,124.69],
[3,91.78],
[3,56.97],
[4,83.10],
[3,103.79],
[3,45.11],
[3,95.17],
[-6,154.94],
[243,73.54],
[320,68.20],
[209,90.79],
[126,71.42],
[29,60.11],
[63,124.69],
[42,70.67],
[11,75.20],
[9,71.82],
[9,110.06],
[6,92.97],
[6,66.11],
[12,144.35],
[4,76.67],
[14,151.39],
[3,84.81],
[4,142.85],
[5,90.96],
[3,87.95],
[3,81.86],
[3,115.13],
[-5,130.25],
[510,71.28],
[73,151.39],
[26,103.04],
[20,100.24],
[26,117.11],
[18,103.04],
[8,122.15],
[9,79.94],
[5,65.67],
[4,114.12],
[4,95.69],
[3,108.97],
[1995,113.10],
[509,80.90],
[112,108.96],
[121,118.76],
[34,95.73],
[159,78.87],
[25,76.59],
[51,97.03],
[39,92.89],
[11,123.20],
[39,118.18],
[59,90.13],
[9,166.99],
[21,102.78],
[7,86.71],
[18,125.62],
[6,87.95],
[11,117.67],
[10,102.05],
[10,127.07],
[5,61.27],
[4,97.71],
[5,86.45],
[4,119.19],
[5,127.07],
[4,131.90],
[4,122.50],
[4,124.34],
[3,113.10],
[3,84.81],
[4,147.39],
[4,127.22],
[11,57.77],
[244,67.05],
[302,69.46],
[65,83.60],
[65,90.99],
[27,13.35],
[34,49.52],
[17,54.09],
[10,129.00],
[6,90.70],
[5,136.47],
[5,63.81],
[5,48.90],
[3,89.73],
[-17,47.22],
[-9,71.77],
[34,167.92],
[17,94.30],
[13,118.68],
[9,91.84],
[4,79.85],
[3,97.92],
[3,40.84],
[3,85.86],
[6,103.70],
[3,145.84],
[21,100.24],
[49,100.02],
[7,114.12],
[8,117.16],
[6,98.87],
[6,160.48],
[3,118.18],
[3,95.69],
[4,90.96],
[3,81.24],
[129,63.40],
[40,73.85],
[15,69.16],
[26,94.30],
[11,50.06],
[9,89.90],
[3,151.00],
[101,95.00],
[34,103.04],
[17,103.65],
[9,77.18],
[7,23.67],
[4,68.69],
[5,134.14],
[5,84.45],
[8,139.33],
[-4,90.96],
[16,144.35],
[8,130.77],
[6,89.59],
[3,80.31],
[3,83.01],
[3,83.85],
[4,102.05],
[3,81.77],
[5,139.73],
[28,107.60],
[6,82.48],
[3,81.62],
[4,124.34],
[7,89.18],
[3,97.03],
[11,89.90],
[7,108.27],
[7,83.85],
[-4,83.85],
[-3,69.50],
[9,49.71],
[7,105.88],
[3,95.95],
[3,78.81],
[10,67.03],
[6,66.79],
[4,83.25],
[5,37.38],
[3,34.53],
[4,102.53],
[4,118.68],
[1422,-6.29],
[948,22.00],
[183,92.97],
[276,41.44],
[57,54.38],
[147,59.75],
[72,58.66],
[23,184.84],
[14,158.44],
[28,71.58],
[361,60.54],
[9,53.84],
[13,86.71],
[6,61.35],
[11,95.95],
[6,90.99],
[5,55.27],
[5,5.48],
[4,141.30],
[4,107.60],
[4,76.89],
[6,89.52],
[3,81.35],
[3,88.00],
[3,49.54],
[6,139.30],
[6,84.45],
[29,83.01],
[7,86.88],
[5,34.00],
[4,39.49],
[-4,12.43],
[1607,19.83],
[349,103.70],
[355,107.86],
[658,44.09],
[146,16.59],
[162,94.32],
[53,62.82],
[32,46.10],
[69,78.92],
[18,101.37],
[14,82.05],
[12,38.92],
[9,102.05],
[30,78.92],
[7,64.31],
[5,103.62],
[4,48.49],
[13,134.08],
[7,101.27],
[3,149.90],
[3,72.62],
[4,73.31],
[3,144.35],
[4,57.20],
[3,9.57],
[3,78.41],
[3,130.25],
[4,29.58],
[3,131.90],
[5,108.63],
[3,206.25],
[3,75.14],
[4,39.49],
[3,95.23],
[166,86.26],
[22,89.61],
[11,122.15],
[39,66.10],
[6,131.90],
[5,142.85],
[3,127.22],
[3,75.88],
[3,39.49],
[-7,95.50],
[33,28.00],
[11,84.90],
[6,58.53],
[9,50.47],
[3,114.12],
[4,41.21],
[3,92.97],
[3,83.25],
[-8,126.10],
[7,75.71],
[3,102.99],
[6,62.70],
[6,149.90],
[6,80.90],
[20,87.41],
[12,84.56],
[6,70.29],
[3,156.42],
[3,57.97],
[16,112.09],
[29,139.73],
[12,110.78],
[3,116.15],
[3,50.13],
[6,87.41],
[3,106.60],
[-4,69.81],
[18,98.68],
[16,110.06],
[4,94.17],
[4,85.38],
[3,78.35],
[8,127.07],
[4,119.91],
[7,88.00],
[4,81.77],
[3,133.29],
[4,60.65],
[4,69.79],
[5,97.03],
[85,61.64],
[16,85.89],
[3,37.50],
[-4,84.45],
[3,108.27],
[3,118.68],
[3,134.08],
[26,78.20],
[7,160.48],
[6,89.09],
[3,95.94],
[4,112.09],
[4,90.96],
[5,122.15],
[3,86.45],
[-3,109.13],
[4,108.03],
[3,87.95],
[7,77.10],
],
