[[6,75.14],
[17,130.25],
[74,36.28],
[51,26.47],
[10,9.36],
[47,55.13],
[6,170.46],
[60,130.25],
[26,103.70],
[17,117.16],
[28,134.08],
[54,128.75],
[11,155.16],
[3,73.56],
[38,47.30],
[75,63.61],
[72,97.03],
[7,95.70],
[88,124.34],
[21,78.20],
[11,98.38],
[8,4.87],
[4,75.88],
[63,27.83],
[3,65.06],
[34,77.27],
[105,172.55],
[7,78.77],
[5,77.71],
[66,49.30],
[30,76.50],
[208,116.15],
[20,117.16],
[156,69.90],
[6,83.10],
[6,120.55],
[3,72.04],
[19,84.46],
[14,96.11],
[106,56.91],
[4,49.54],
[3,114.12],
[17,139.30],
[22,62.33],
[28,124.69],
[-4,75.27],
[3,170.46],
[5,50.25],
[21,107.01],
[3,53.29],
[35,116.15],
[31,130.25],
[3,54.71],
[4,34.84],
[15,160.48],
[14,58.25],
[4,60.17],
[6,68.58],
[5,87.49],
[9,118.18],
[10,160.48],
[7,103.04],
[4,55.05],
[9,103.70],
[37,90.09],
[19,151.00],
[8,81.79],
[23,73.29],
[15,98.25],
[3,122.50],
[7,45.19],
[4,94.51],
[4,61.78],
[3,51.71],
[28,74.07],
[40,71.82],
[21,51.60],
[5,105.88],
[8,85.86],
[4,79.16],
[9,71.28],
[51,127.22],
[10,54.17],
[45,72.32],
[25,72.31],
[10,79.85],
[110,73.86],
[7,89.91],
[10,116.15],
[18,63.31],
[5,48.63],
[117,64.47],
[31,167.92],
[4,74.02],
[4,94.30],
[77,65.62],
[-10,77.10],
[15,34.97],
[-5,103.62],
[25,105.09],
[4,87.87],
[3,68.07],
[10,115.81],
[77,84.46],
[14,97.00],
[4,117.16],
[8,78.73],
[22,51.17],
[70,108.03],
[6,90.96],
[57,125.62],
[7,123.20],
[34,77.88],
[11,95.44],
[6,42.92],
[413,110.06],
[14,94.56],
[22,63.87],
[8,82.39],
[8,98.87],
[4,130.25],
[26,23.00],
[189,84.81],
[13,127.07],
[-4,37.21],
[4,151.00],
[49,151.39],
[9,119.19],
[6,89.47],
[74,89.90],
[538,49.48],
[6,55.68],
[3,202.78],
[2085,49.03],
[6,63.81],
[21,70.08],
[97,102.05],
[4,160.48],
[7,72.11],
[71,50.43],
[58,57.19],
[4,71.82],
[-3,68.43],
[4,97.00],
[6,75.14],
[4,115.13],
[3,101.37],
[4,46.19],
[24,73.99],
[39,92.38],
[4,44.15],
[5,32.73],
[14,114.12],
[7,97.03],
[4,72.27],
[6,80.90],
[3,101.98],
[36,53.66],
[5,93.72],
[4,168.80],
[3,58.38],
[181,103.70],
[3,115.13],
[3,50.25],
[66,80.20],
[30,101.26],
[5,61.75],
[-9,38.19],
[14,110.06],
[109,60.02],
[3,105.09],
[3,130.25],
[6,71.77],
[28,49.48],
[9,89.90],
[-8,83.47],
[30,74.01],
[4,70.05],
[154,95.03],
[40,92.63],
[34,43.17],
[3,65.80],
[-3,72.38],
[13,47.38],
[11,63.58],
[3,53.89],
[7,66.97],
[3,83.75],
[5,56.35],
[8,52.10],
[138,38.77],
[5,134.08],
[13,88.00],
[8,64.67],
[11,90.96],
[20,75.32],
[4,85.25],
[5,89.54],
[11,73.71],
[28,67.49],
[3,68.21],
[7,28.33],
[20,50.21],
[3,86.26],
[3,147.39],
[211,66.34],
[4,67.76],
[3,49.48],
[63,91.50],
[4,63.77],
[19,80.78],
[31,13.71],
[5,187.38],
[30,44.38],
[3,41.91],
[49,87.95],
[12,31.70],
[13,95.69],
[3,72.04],
[3,101.41],
[7,89.09],
[4,70.17],
[6,65.73],
[4,89.09],
[6,78.14],
[-6,109.18],
[3,90.99],
[27,55.60],
[9,124.34],
[3,72.62],
[-3,103.01],
[23,41.56],
[23,54.73],
[87,163.47],
[9,93.70],
[9,99.00],
[44,116.65],
[7,106.60],
[4,94.78],
[16,54.22],
[3,116.15],
[-3,15.95],
[5,50.83],
[16,95.69],
[157,38.04],
[3,139.33],
[3,62.66],
[5,63.70],
[11,42.60],
[4,131.90],
[3,75.34],
[3,66.97],
[9,103.62],
[79,66.46],
[3,114.12],
[6,71.82],
[58,42.79],
[-3,75.88],
[39,84.97],
[4,76.75],
[12,68.77],
[36,67.26],
[3,103.38],
[3,44.90],
[9,86.71],
[17,68.82],
[3,127.07],
[-5,63.70],
[51,104.48],
[9,48.66],
[3,84.92],
[3,48.21],
[6,81.73],
[-4,68.08],
[-6,63.61],
[-9,134.08],
[4,13.96],
[3,61.93],
[48,116.15],
[35,93.70],
[24,107.01],
[8,167.92],
[5,134.08],
[16,119.70],
[5,91.78],
[3,33.02],
[7,167.92],
[-10,-7.88],
[-5,47.15],
[12,37.92],
[9,181.62],
[12,25.46],
[5,116.65],
[6,122.50],
[52,51.36],
[10,97.70],
[7,54.70],
[12,58.25],
[47,137.30],
[3,145.84],
[11,78.25],
[8,53.47],
[6,84.45],
[15,49.54],
[47,101.27],
[3,134.81],
[7,56.45],
[3,92.86],
[147,78.51],
[4,52.87],
[19,80.14],
[73,76.03],
[10,65.78],
[6,116.65],
[5,72.61],
[5,183.66],
[4,76.46],
[517,36.19],
[18,50.06],
[3,75.47],
[5,116.15],
[14,160.48],
[7,32.76],
[57,61.70],
[10,102.78],
[4,83.25],
[4,63.62],
[36,43.62],
[-8,55.48],
[46,38.86],
[17,66.97],
[9,142.85],
[10,74.52],
[82,47.34],
[4,118.51],
[41,36.84],
[3,91.17],
[4,86.71],
[14,74.86],
[6,98.31],
[3,108.96],
[5,61.57],
[23,73.43],
[5,67.80],
[-10,46.94],
[4,130.25],
[7,130.77],
[4,65.79],
[29,53.52],
[5,103.42],
[10,70.11],
[25,79.81],
[-8,48.30],
[5,181.62],
[-3,53.12],
[7,68.74],
[3,56.43],
[23,34.43],
[4,62.49],
[10,39.53],
[16,74.39],
[3,36.46],
[-7,71.56],
[9,80.90],
[7,49.89],
[9,45.68],
[23,82.90],
[3,81.29],
[12,61.33],
[-11,35.55],
[-3,76.59],
[-5,92.97],
[4,100.24],
[144,62.33],
[-4,59.07],
[4,59.85],
[-5,87.68],
[3,56.97],
[5,74.46],
[3,70.29],
[4,87.75],
[4,55.18],
[3,69.14],
[9,88.34],
[5,46.85],
[4,134.08],
[3,79.68],
[4,48.61],
[3,60.06],
[46,53.12],
[9,37.92],
[-7,21.12],
[4,108.40],
[-7,71.52],
[3,56.38],
[-3,43.08],
[3,43.85],
[3,51.25],
[3,151.40],
[19,61.75],
[4,112.75],
[14,56.25],
[6,108.41],
[3,50.24],
[11,54.95],
[-5,42.05],
[3,69.59],
[-5,48.64],
[-5,58.66],
[3,51.15],
[4,76.27],
[-3,59.97],
[5,103.65],
[3,62.84],
[-3,68.98],
[3,136.47],
[3,71.03],
[4,82.39],
[4,58.96],
[5,111.52],
[-13,65.13],
[3,158.44],
[-10,57.92],
[8,75.43],
[-4,40.24],
[7,77.46],
[4,77.97],
[-3,68.10],
[8,124.16],
[3,136.62],
[-6,69.59],
[3,154.05],
[3,34.37],
[-11,24.53],
[14,94.56],
[-7,139.33],
[22,8.37],
[-3,46.35],
[472,99.40],
[22,70.51],
[13,78.87],
[-10,39.33],
[3,62.89],
[-10,60.32],
[3,108.27],
[176,79.76],
[45,73.85],
[85,-2.31],
[-6,54.28],
[6,83.36],
[3,83.32],
[4,78.87],
[9,37.95],
[9,57.69],
[-4,56.98],
[3,60.01],
[11,67.53],
[54,68.82],
[25,80.47],
[10,72.83],
[15,90.09],
[194,78.25],
[58,73.13],
[254,66.40],
[122,49.95],
[8,80.50],
[7,139.30],
[17,115.13],
[129,89.52],
[62,118.68],
[95,98.04],
[25,160.48],
[36,64.92],
[8,120.21],
[41,93.29],
[62,144.63],
[238,87.86],
[744,39.31],
[5,73.17],
[21,62.11],
[8,103.54],
[12,130.25],
[17,103.62],
[32,55.74],
[11,68.98],
[368,87.68],
[92,47.35],
[5,75.50],
[49,74.82],
[66,105.92],
[5,86.62],
[9,120.97],
[4,103.38],
[21,87.95],
[5,102.62],
[72,67.44],
[51,107.60],
[23,88.82],
[39,22.82],
[12,52.65],
[3,88.00],
[5,116.15],
[18,80.78],
[3,67.74],
[6,96.63],
[9,62.68],
[4,160.48],
[15,64.77],
[26,112.81],
[558,28.62],
[3,112.76],
[13,88.59],
[3,128.75],
[3,69.30],
[14,124.69],
[16,108.40],
[39,42.22],
[31,86.60],
[154,76.50],
[65,103.38],
[3,30.43],
[3,127.22],
[93,101.51],
[4,160.48],
[23,73.72],
[30,78.87],
[16,40.49],
[15,97.03],
[4,116.65],
[4,124.34],
[3,65.56],
[11,100.24],
[5,87.95],
[7,71.82],
[27,111.13],
[5,78.77],
[3,63.81],
[14,86.62],
[6,77.10],
[11,58.80],
[6,93.58],
[20,109.79],
[11,121.22],
[7,107.55],
[3,160.48],
[12,87.41],
[33,109.13],
[4,124.69],
[3,65.30],
[5,79.07],
[42,108.73],
[3,106.60],
[6,92.97],
[9,85.89],
[3,57.92],
[46,59.45],
[4,42.58],
[14,84.97],
[51,68.10],
[32,109.13],
[7,60.48],
[4,68.07],
[88,62.26],
[4,130.25],
[4,108.96],
[4,66.53],
[3,71.53],
[6,57.38],
[4,117.16],
[27,63.98],
[17,62.79],
[5,45.43],
[4,87.07],
[3,78.35],
[6,84.05],
[3,54.66],
[9,95.67],
[3,88.83],
[4,117.16],
[8,112.31],
[3,52.85],
[3,53.12],
[-8,118.18],
[35,62.75],
[17,91.81],
[5,42.73],
[4,89.24],
[7,131.77],
[16,82.48],
[9,96.49],
[18,13.65],
[3,106.90],
[51,130.85],
[23,64.45],
[6,144.35],
[24,67.92],
[4,69.85],
[51,118.18],
[46,122.15],
[3,83.32],
[4,48.55],
[4,160.48],
[3,103.01],
[14,66.42],
[4,160.48],
[26,33.58],
[7,8.88],
[4,160.48],
[22,114.12],
[5,160.48],
[-4,5.50],
[42,84.90],
[12,85.89],
[3,67.76],
[3,50.07],
[4,136.47],
[3,84.84],
[4,128.75],
[5,97.03],
[4,71.75],
[50,88.71],
[8,74.84],
[-16,84.35],
[5,38.83],
[5,89.60],
[13,102.05],
[4,75.88],
[3,144.04],
[3,112.43],
[3,58.11],
[3,117.67],
[6,107.60],
[4,72.32],
[10,94.30],
[10,102.62],
[6,102.53],
[21,111.33],
[7,63.23],
[4,103.62],
[3,85.88],
[8,88.55],
[4,103.38],
[3,98.54],
[14,161.49],
[6,158.44],
[3,70.80],
[40,63.77],
[12,103.38],
[5,51.60],
[49,119.70],
[18,78.20],
[86,102.62],
[3,62.59],
[3,40.17],
[81,54.67],
[9,101.27],
[4,156.12],
[3,116.15],
[4,76.97],
[11,60.84],
[-23,100.24],
[5,58.42],
[4,81.59],
[74,80.06],
[4,68.82],
[5,95.00],
[3,95.17],
[3,92.97],
[4,93.90],
[4,111.51],
[3,110.06],
[8,95.00],
[19,77.88],
[88,119.95],
[67,109.13],
[7,100.68],
[4,66.56],
[4,128.67],
[3,61.33],
[8,35.86],
[4,127.22],
[33,23.43],
[27,78.25],
[3,99.53],
[4,57.18],
[3,72.72],
[124,79.87],
[3,90.96],
[97,101.27],
[5,41.94],
[5,83.55],
[3,139.30],
[26,94.32],
[-14,103.34],
[58,133.29],
[78,144.23],
[4,124.69],
[-12,71.53],
[4,44.83],
[3,109.13],
[3,65.56],
[3,128.75],
[3,78.38],
[25,98.68],
[2359,89.60],
[427,45.75],
[-10,73.07],
[-8,139.33],
[22,63.70],
[4,85.50],
[22,48.49],
[3,88.55],
[55,53.92],
[77,108.27],
[4,85.03],
[3,95.93],
[60,63.59],
[3,80.06],
[130,90.96],
[-11,90.66],
[-8,133.26],
[3,139.33],
[30,86.35],
[3,79.68],
[9,69.79],
[7,109.63],
[8,103.04],
[4,98.68],
[16,102.62],
[4,64.80],
[10,98.88],
[52,103.14],
[5,100.24],
[18,70.08],
[1412,154.94],
[3,102.05],
[945,50.47],
[4,91.53],
[24,49.52],
[37,98.87],
[42,100.55],
[17,62.54],
[28,119.19],
[19,62.70],
[5,53.71],
[31,95.95],
[14,43.37],
[33,75.48],
[4,118.18],
[13,136.62],
[24,99.06],
[271,75.18],
[25,69.90],
[15,42.72],
[3,113.10],
[7,34.90],
[3,65.73],
[17,78.25],
[67,80.10],
[15,59.31],
[17,66.79],
[177,79.56],
[3,44.12],
[-9,127.22],
[17,52.90],
[4,76.98],
[3,92.06],
[4,94.89],
[1221,109.10],
[34,103.70],
[25,114.12],
[87,114.12],
[4,63.92],
[-3,103.54],
[5,109.10],
[43,32.34],
[39,89.52],
[13,52.53],
[10,73.13],
[4,70.51],
[9,37.94],
[7,84.90],
[-7,94.30],
[3,95.94],
[29,83.10],
[3,35.70],
[7,66.87],
[4,105.09],
[118,42.91],
[3,73.62],
[14,68.94],
[4,73.43],
[158,80.19],
[4,52.42],
[34,81.63],
[4,96.02],
[4,105.09],
[33,49.94],
[7,93.58],
[6,92.38],
[3,68.66],
[18,79.94],
[36,117.50],
[5,109.12],
[-9,85.89],
[3,112.09],
[29,99.41],
[4,118.18],
[31,90.09],
[7,63.16],
[26,70.59],
[-6,94.30],
[69,55.13],
[13,95.22],
[3,67.80],
[10,127.22],
[9,59.64],
[64,29.30],
[26,44.94],
[9,75.14],
[-12,108.27],
[8,85.88],
[4,156.72],
[3,47.30],
[6,67.33],
[-15,129.58],
[4,103.54],
[6,53.76],
[5,92.97],
[3,170.46],
[13,78.33],
[3,151.00],
[-3,103.70],
[4,67.26],
[3,95.69],
[56,158.44],
[4,69.78],
[15,53.89],
[3,116.15],
[27,61.22],
[64,27.15],
[93,130.25],
[15,74.81],
[18,28.50],
[132,95.95],
[6,84.68],
[7,183.66],
[9,59.47],
[27,77.33],
[18,34.15],
[3,58.02],
[11,87.28],
[5,53.60],
[11,75.50],
[3,84.90],
[22,110.82],
[4,52.58],
[3,80.78],
[6,144.35],
[3,88.91],
[5,111.45],
[4,114.12],
[7,53.76],
[3,57.73],
[3,75.89],
[5,89.90],
[3,117.16],
[4,98.87],
[3,115.55],
[-4,47.79],
[9,75.43],
[5,127.22],
[5,56.66],
[3,126.20],
[3,134.08],
[6,55.20],
[5,124.69],
[3,108.95],
[7,88.73],
[3,145.84],
[4,71.77],
[3,64.47],
[7,56.46],
[6,71.54],
[4,80.78],
[4,71.82],
[4,68.98],
[4,84.34],
[20,83.25],
[6,73.78],
[7,54.82],
[3,79.20],
[5,92.97],
[6,58.94],
[4,64.15],
[7,57.72],
[3,87.95],
[4,62.82],
[7,102.05],
[8,23.92],
[3,127.07],
[16,78.87],
[3,88.73],
[3,50.67],
[4,64.85],
[3,106.25],
[3,75.37],
[3,130.77],
[6,67.28],
[4,102.05],
[12,153.54],
[3,36.91],
[4,54.67],
[7,68.71],
[16,103.70],
[4,33.17],
[5,167.92],
[3,44.60],
[4,32.56],
[-5,89.61],
[5,66.79],
[3,112.65],
[3,84.90],
[3,113.10],
[9,60.90],
[3,81.77],
[3,76.12],
[-5,96.96],
[3,141.36],
[4,70.35],
[3,76.59],
[4,58.53],
[3,88.49],
[4,59.75],
[23,77.41],
[10,79.36],
[10,65.68],
[11,111.35],
[4,68.94],
[-4,6.39],
[4,111.51],
[6,84.92],
[3,79.84],
[3,71.70],
[3,49.38],
[3,61.18],
[-6,50.51],
[4,64.02],
[6,86.71],
[4,74.98],
[4,141.36],
[-10,133.29],
[225,103.70],
[49,103.54],
[210,63.49],
[76,117.16],
[46,80.31],
[6,50.48],
[-35,112.09],
[26,71.97],
[18,103.62],
[721,75.99],
[28,161.15],
[53,84.46],
[67,83.25],
[47,39.49],
[938,66.68],
[197,54.73],
[23,50.24],
[144,38.59],
[608,94.30],
[14,89.09],
[-5,139.33],
[2027,40.18],
[211,66.79],
[5,107.60],
[243,64.02],
[128,90.96],
[20,85.86],
[-4,139.33],
[5,60.37],
[132,124.69],
[18,76.50],
[-9,57.87],
[15,71.34],
[88,62.97],
[19,59.63],
[10,83.85],
[-7,139.33],
[3,12.24],
[6,87.68],
[130,78.25],
[-12,11.83],
[27,69.46],
[64,59.63],
[626,40.68],
[6,61.23],
[3,82.76],
[4,100.39],
[3,92.65],
[7,102.85],
[355,99.37],
[7,98.97],
[15,106.00],
[5,74.02],
[1028,101.27],
[43,88.83],
[11,51.58],
[9,63.84],
[10,124.69],
[-7,117.16],
[22,134.08],
[-10,102.05],
[375,96.01],
[53,145.84],
[-7,89.98],
[409,83.89],
[24,72.26],
[9,94.30],
[5,113.10],
[17,64.93],
[13,70.92],
[159,67.11],
[118,70.85],
[13,102.53],
[6,61.27],
[9,122.50],
[5,66.37],
[311,101.55],
[3,103.70],
[28,27.10],
[8,51.18],
[39,78.20],
[13,61.74],
[180,98.87],
[4,103.54],
[4,56.70],
[106,94.51],
[25,76.59],
[7,80.69],
[11,51.03],
[9,60.71],
[4,74.92],
[113,139.33],
[16,75.20],
[89,55.40],
[4,91.78],
[8,49.77],
[219,104.98],
[6,53.66],
[3,162.50],
[5,63.18],
[21,105.41],
[296,54.61],
[5,74.35],
[35,84.15],
[5,113.70],
[9,69.49],
[7,71.77],
[5,71.28],
[26,88.91],
[13,79.21],
[24,92.38],
[13,55.89],
[9,41.02],
[18,90.96],
[3,41.28],
[10,9.88],
[80,70.51],
[19,137.99],
[-4,98.00],
[92,75.88],
[30,39.56],
[3,51.03],
[170,92.97],
[50,73.17],
[128,76.56],
[4,-4.31],
[8,80.10],
[8,120.93],
[-7,94.30],
[4,89.47],
[11,40.29],
[19,59.27],
[10,62.82],
[9,52.87],
[4,57.90],
[3,90.38],
[6,45.62],
[921,60.96],
[464,34.08],
[62,121.46],
[3,24.42],
[175,36.72],
[-5,49.20],
[6,76.59],
[3,58.66],
[8,69.20],
[7,131.90],
[3,59.53],
[169,40.52],
[27,53.47],
[32,56.70],
[6,65.78],
[37,44.47],
[13,24.67],
[5,93.58],
[53,117.11],
[59,87.32],
[10,55.08],
[5,71.77],
[171,65.31],
[49,39.91],
[14,116.15],
[4,126.20],
[24,99.41],
[3,51.40],
[8,76.48],
[4,78.12],
[17,50.24],
[3,15.69],
[7,87.68],
[6,54.07],
[147,93.92],
[7,183.66],
[4,108.96],
[16,81.63],
[5,68.69],
[6,79.68],
[4,108.03],
[23,83.85],
[33,27.78],
[11,130.25],
[22,92.97],
[4,83.32],
[4,86.88],
[111,67.67],
[20,68.82],
[17,70.93],
[21,114.12],
[3,61.24],
[8,93.58],
[3,63.14],
[7,79.68],
[8,71.82],
[68,49.11],
[8,76.95],
[3,151.00],
[23,54.97],
[7,56.44],
[21,95.69],
[87,47.60],
[6,62.44],
[26,35.23],
[12,44.42],
[71,71.14],
[28,56.70],
[7,83.32],
[11,82.04],
[36,46.46],
[5,103.70],
[6,89.91],
[6,64.42],
[3,81.35],
[10,95.17],
[11,71.70],
[6,95.00],
[40,68.75],
[3,64.71],
[12,67.26],
[11,57.38],
[5,70.63],
[-33,47.79],
[49,86.60],
[16,50.39],
[6,79.83],
[3,139.30],
[4,116.15],
[60,30.69],
[45,79.35],
[3,57.83],
[6,-4.53],
[20,20.70],
[8,90.09],
[6,35.95],
[4,50.41],
[7,106.82],
[52,65.35],
[31,71.28],
[3,111.75],
[-5,59.28],
[4,98.25],
[10,50.24],
[14,103.04],
[-3,60.23],
[74,63.86],
[4,50.62],
[15,61.67],
[4,67.53],
[7,67.09],
[3,125.62],
[4,76.89],
[3,66.79],
[5,44.71],
[27,41.39],
[3,67.58],
[21,58.28],
[5,69.75],
[11,58.36],
[5,55.75],
[11,54.06],
[3,49.92],
[27,123.20],
[3,82.48],
[7,97.03],
[5,67.76],
[18,52.87],
[6,100.24],
[41,110.82],
[3,54.21],
[3,115.13],
[3,73.31],
[6,89.90],
[15,129.57],
[10,71.82],
[110,70.35],
[14,40.25],
[-5,58.25],
[5,63.06],
[3,99.31],
[-4,151.39],
[10,51.79],
[3,58.48],
[3,59.39],
[3,59.21],
[19,44.95],
[3,71.72],
[3,147.39],
[3,109.04],
[7,42.41],
[7,117.67],
[3,96.02],
[23,91.43],
[4,80.31],
[23,94.30],
[3,51.71],
[16,64.66],
[6,45.58],
[9,75.46],
[-6,60.96],
[3,69.99],
[3,40.56],
[3,71.77],
[-7,80.20],
[9,72.37],
[4,74.28],
[69,89.61],
[4,68.98],
[5,137.47],
[6,78.87],
[14,75.14],
[3,72.90],
[3,79.53],
[3,85.03],
[9,43.36],
[-4,90.05],
[3,61.33],
[3,124.69],
[7,57.95],
[4,151.00],
[6,87.68],
[5,80.90],
[3,52.53],
[6,87.95],
[-6,37.81],
[6,57.70],
[5,85.64],
[-6,144.35],
[-3,50.21],
[3,124.34],
[4,98.87],
[3,125.62],
[3,167.92],
[3,92.97],
[7,126.45],
[5,81.94],
[3,37.24],
[5,61.24],
[4,87.98],
[3,66.45],
[6,114.07],
[79,97.34],
[8,93.54],
[73,58.85],
[22,80.78],
[43,71.58],
[3,86.71],
[-6,94.30],
[3,89.47],
[5,167.92],
[23,57.13],
[15,102.62],
[-3,114.12],
[7,73.80],
[142,69.99],
[250,83.25],
[12,67.44],
[3,64.69],
[23,95.94],
[4,82.72],
[11,102.78],
[12,89.24],
[4,75.77],
[30,39.06],
[-10,73.80],
[26,47.32],
[6,181.62],
[-9,139.33],
[-10,61.33],
[3,103.69],
[3,54.71],
[-4,94.30],
[-24,68.43],
[4,61.89],
[3,86.08],
[3,82.48],
[3,139.33],
[50,47.30],
[83,89.60],
[185,67.82],
[21,97.03],
[15,106.60],
[19,66.80],
[8,89.61],
[4,75.28],
[240,84.18],
[9,82.55],
[13,65.57],
[15,78.25],
[38,83.32],
[-5,55.61],
[103,80.90],
[6,66.80],
[12,63.70],
[4,66.61],
[3,54.71],
[-17,46.10],
[4,43.24],
[-3,139.33],
[14,62.12],
[-5,73.33],
[-4,87.80],
[17,67.43],
[3,62.75],
[37,47.12],
[4,60.74],
[77,70.08],
[29,85.57],
[-3,118.18],
[3,91.78],
[5,58.60],
[41,47.98],
[8,39.62],
[41,68.53],
[36,75.88],
[10,72.52],
[-4,64.66],
[3,66.68],
[4,36.45],
[3,139.30],
[3,86.62],
[8,122.50],
[3,78.33],
[4,83.75],
[25,80.78],
[4,75.88],
[-7,92.17],
[-10,78.33],
[4,18.78],
[3,95.69],
[3,107.86],
[18,151.39],
[4,76.59],
[9,81.65],
[16,87.95],
[4,75.14],
[3,47.21],
[5,52.87],
[3,46.30],
[11,85.57],
[8,71.58],
[-3,65.79],
[8,97.71],
[13,95.85],
[-3,114.12],
[-4,128.75],
[-3,88.93],
[6,72.63],
[6,92.97],
[3,38.68],
[11,72.36],
[4,72.52],
[4,107.55],
[3,65.69],
[5,181.62],
[14,58.11],
[24,106.23],
[3,80.69],
[7,63.18],
[4,77.63],
[-7,84.84],
[3,86.62],
[7,71.03],
[4,63.98],
[4,116.15],
[-6,74.04],
[-3,76.55],
[5,11.69],
[3,66.75],
[-10,181.62],
[-3,94.60],
[-3,101.27],
[3,49.54],
[4,107.60],
[18,63.46],
[-7,69.81],
[21,142.54],
[7,162.50],
[1686,85.02],
[1668,66.40],
[1610,72.51],
[2799,62.62],
[614,67.44],
[110,77.91],
[2898,48.01],
[2828,58.53],
[208,106.00],
[1126,17.45],
[1070,66.79],
[344,81.26],
[341,110.39],
[167,129.00],
[196,97.70],
[147,54.73],
[467,76.27],
[48,105.41],
[139,89.52],
[97,82.39],
[205,23.97],
[170,139.33],
[119,108.70],
[274,43.84],
[35,136.62],
[30,70.08],
[28,77.08],
[99,21.72],
[4645,153.54],
[901,81.92],
[193,114.12],
[579,147.39],
[87,85.89],
[122,108.98],
[15,15.00],
[15,109.13],
[15,65.73],
[951,109.13],
[14,70.08],
[66,32.49],
[51,97.70],
[12,84.90],
[105,81.77],
[41,103.65],
[22,106.60],
[12,57.73],
[10,73.38],
[9,101.93],
[16,52.58],
[16,103.01],
[9,79.94],
[9,58.62],
[401,73.17],
[24,103.57],
[7,103.62],
[6,76.46],
[6,84.15],
[6,82.11],
[6,88.73],
[6,53.76],
[11,100.24],
[11,100.07],
[5,94.30],
[5,86.45],
[5,117.16],
[24,69.79],
[9,68.95],
[11,72.55],
[4,158.44],
[4,102.05],
[4,57.77],
[4,107.60],
[4,42.66],
[5,61.04],
[4,51.29],
[7,70.85],
[7,96.02],
[7,109.13],
[6,79.56],
[8,130.25],
[8,62.71],
[24,114.12],
[3,130.77],
[3,92.73],
[4,74.35],
[3,71.28],
[4,81.86],
[3,20.89],
[3,97.03],
[4,84.20],
[3,139.30],
[4,66.83],
[3,71.77],
[3,61.45],
[3,58.48],
[3,84.81],
[3,56.70],
[3,110.06],
[3,90.09],
[3,73.30],
[4,123.20],
[5,130.77],
[5,86.71],
[5,95.22],
[6,66.40],
[6,66.79],
[8,90.96],
[4,75.88],
[3,38.28],
[3,-7.51],
[3,69.11],
[3,84.46],
[3,30.23],
[3,80.90],
[3,31.97],
[4,92.97],
[5,102.05],
[3,116.15],
[3,50.52],
[3,99.53],
[3,158.44],
[3,51.62],
[3,139.30],
[3,44.08],
[3,97.03],
[3,103.04],
[3,57.48],
[3,53.66],
[3,24.94],
[4,103.01],
[3,110.06],
[4,93.70],
[3,21.95],
[3,21.65],
[3,84.97],
[3,89.47],
[3,59.62],
[1101,54.85],
[217,101.98],
[850,38.92],
[3509,51.67],
[1604,18.78],
[69,108.70],
[66,74.86],
[82,38.32],
[423,104.76],
[35,75.72],
[59,81.97],
[12,87.75],
[47,88.47],
[10,111.07],
[11,45.16],
[10,118.99],
[8,75.34],
[215,105.36],
[20,139.33],
[66,83.25],
[6,59.16],
[18,56.18],
[16,144.35],
[5,124.69],
[5,96.00],
[4,68.07],
[5,63.82],
[12,111.24],
[57,78.21],
[3,82.39],
[3,103.65],
[3,53.40],
[3,47.14],
[3,69.14],
[3,50.43],
[3,55.15],
[3,83.75],
[3,78.14],
[3,43.96],
[16,117.67],
[5,61.96],
[4,127.07],
[5,95.17],
[3,78.87],
[3,111.07],
[3,74.46],
[3,106.25],
[10,54.50],
[7,100.07],
[3,88.49],
[3,56.55],
[3,55.39],
[3,70.63],
[3,37.33],
[93,79.56],
[61,88.00],
[214,64.92],
[88,40.71],
[205,62.82],
[20,41.03],
[41,82.31],
[13,115.55],
[9,99.00],
[5,66.79],
[6,28.31],
[9,115.13],
[5,112.79],
[3,58.04],
[3,19.10],
[3,92.51],
[3,93.58],
[5,108.63],
[-4,102.78],
[-3,63.97],
[-3,83.75],
[-6,64.09],
[87,97.03],
[25,84.45],
[38,61.24],
[4,23.18],
[5,54.70],
[7,38.17],
[3,128.75],
[8,74.27],
[-9,17.09],
[45,108.40],
[60,112.09],
[27,89.98],
[20,103.13],
[15,55.12],
[27,72.19],
[9,63.86],
[6,42.71],
[25,80.20],
[5,118.76],
[8,75.28],
[5,107.78],
[-4,55.44],
[-15,202.78],
[59,91.72],
[84,98.25],
[12,44.88],
[10,58.55],
[10,36.25],
[30,42.33],
[13,10.58],
[11,81.35],
[22,56.25],
[5,142.85],
[8,21.06],
[3,148.91],
[5,131.46],
[5,117.67],
[5,78.87],
[3,55.28],
[-4,133.29],
[-6,61.33],
[-6,85.38],
[-6,68.77],
[69,68.75],
[57,65.30],
[50,52.89],
[182,75.16],
[17,29.07],
[8,98.87],
[22,58.28],
[7,74.69],
[5,61.08],
[9,37.45],
[9,130.77],
[4,49.02],
[28,49.11],
[3,35.81],
[9,62.75],
[5,66.40],
[-6,120.55],
[39,86.71],
[22,53.25],
[11,71.70],
[9,129.00],
[7,114.12],
[6,80.07],
[6,132.03],
[4,63.70],
[-13,72.32],
[26,55.35],
[8,39.44],
[12,47.93],
[28,72.28],
[13,46.35],
[10,75.32],
[4,50.66],
[7,57.23],
[23,135.27],
[18,77.04],
[34,94.30],
[28,84.90],
[9,70.80],
[4,90.96],
[3,118.18],
[3,139.33],
[4,66.40],
[3,78.25],
[3,86.62],
[4,37.50],
[9,127.07],
[3,73.27],
[5,175.59],
[31,95.32],
[6,65.95],
[6,127.07],
[5,96.11],
[108,109.72],
[56,94.01],
[17,75.73],
[6,102.78],
[10,35.14],
[4,116.65],
[-20,167.92],
[15,65.73],
[13,66.87],
[17,103.70],
[7,83.85],
[6,57.92],
[5,54.89],
[5,134.08],
[4,74.81],
[4,123.93],
[4,40.05],
[4,63.19],
[4,86.35],
[4,50.29],
[13,71.72],
[3,95.73],
[3,54.20],
[3,85.03],
[3,113.10],
[3,96.89],
[3,94.30],
[3,115.13],
[71,41.85],
[93,106.60],
[31,103.13],
[74,70.63],
[58,102.62],
[20,153.54],
[19,110.18],
[24,67.53],
[13,167.92],
[49,80.78],
[76,134.08],
[16,87.95],
[8,118.68],
[7,90.01],
[37,74.07],
[145,75.88],
[41,102.05],
[5,92.97],
[94,74.86],
[47,151.00],
[25,48.69],
[4,54.98],
[4,108.83],
[15,103.54],
[21,83.32],
[11,90.05],
[3,66.80],
[3,40.60],
[4,117.16],
[3,51.60],
[14,153.54],
[6,95.00],
[7,52.86],
[7,119.70],
[4,106.60],
[4,79.53],
[7,87.95],
[3,65.56],
[3,119.44],
[12,64.62],
[4,36.33],
[-3,153.54],
[-4,76.11],
[-3,68.86],
[-4,60.01],
[-5,59.38],
[-8,78.63],
[17,52.45],
[14,81.16],
[6,139.30],
[3,92.97],
[62,57.94],
[3,122.50],
[8,151.00],
[5,175.59],
[7,80.07],
[3,136.47],
[7,98.87],
[6,89.61],
[-8,139.30],
[85,115.64],
[29,49.20],
[56,53.39],
[26,89.60],
[24,47.04],
[22,114.12],
[44,85.86],
[42,36.01],
[31,72.62],
[12,39.62],
[20,69.99],
[10,90.33],
[8,50.80],
[9,52.11],
[17,135.27],
[13,46.09],
[8,48.83],
[12,52.87],
[12,45.26],
[5,98.68],
[9,55.76],
[4,86.71],
[4,50.24],
[5,115.55],
[6,57.10],
[3,73.85],
[4,117.16],
[3,131.90],
[3,83.75],
[3,126.45],
[3,106.75],
[3,26.62],
[5,62.83],
[3,69.33],
[3,93.47],
[-10,95.17],
[19,69.11],
[8,39.14],
[5,57.56],
[3,69.50],
[7,16.77],
[16,100.96],
[6,149.90],
[7,66.62],
[59,64.63],
[196,72.32],
[40,66.53],
[37,102.05],
[118,52.00],
[80,76.28],
[45,117.16],
[43,116.15],
[21,95.00],
[18,30.86],
[12,144.99],
[107,41.37],
[11,62.17],
[33,100.24],
[11,63.23],
[9,78.25],
[9,71.28],
[9,80.07],
[9,134.08],
[9,66.72],
[9,73.85],
[16,103.38],
[23,75.88],
[7,68.77],
[8,139.33],
[6,67.25],
[6,103.54],
[11,76.59],
[22,8.17],
[5,78.90],
[5,61.52],
[17,124.69],
[4,40.29],
[4,64.83],
[4,51.28],
[4,61.40],
[4,90.96],
[4,91.78],
[11,132.03],
[7,25.36],
[3,67.53],
[3,85.88],
[3,57.19],
[3,69.23],
[3,167.92],
[3,119.19],
[3,75.27],
[3,94.30],
[5,69.85],
[5,50.03],
[5,32.05],
[3,66.64],
[3,50.47],
[4,115.13],
[3,103.04],
[3,72.62],
[-4,90.93],
],

