[[21,71.82],
[201,161.49],
[16,127.22],
[15,160.48],
[184,16.26],
[58,73.78],
[4,87.75],
[3,49.04],
[8,71.58],
[36,58.27],
[64,54.97],
[12,127.31],
[8,74.81],
[225,64.92],
[4,151.00],
[3,65.00],
[20,135.27],
[47,52.18],
[20,67.84],
[7,100.18],
[22,85.07],
[54,68.82],
[9,71.07],
[45,67.22],
[143,90.11],
[188,73.14],
[6,78.77],
[92,68.75],
[22,57.85],
[142,52.61],
[3,102.53],
[9,79.76],
[26,62.90],
[66,68.66],
[122,48.41],
[9,69.64],
[12,92.21],
[6,51.77],
[79,79.51],
[13,75.32],
[3,156.72],
[24,59.75],
[29,56.18],
[10,60.25],
[6,68.74],
[7,84.05],
[13,87.73],
[14,72.62],
[3,74.65],
[11,63.99],
[8,67.53],
[15,68.15],
[-14,81.07],
[4,62.84],
[14,56.03],
[-3,82.33],
[47,72.15],
[22,30.03],
[6,63.72],
[27,42.72],
[3,139.33],
[4,66.41],
[6,71.36],
[9,53.58],
[7,72.91],
[3,88.37],
[74,112.59],
[3,103.42],
[21,83.75],
[10,71.85],
[9,85.86],
[12,60.27],
[10,116.15],
[6,46.46],
[39,87.27],
[20,43.38],
[22,72.90],
[3,87.31],
[3,54.15],
[33,53.01],
[3,52.21],
[3,58.42],
[10,67.69],
[28,116.15],
[7,66.70],
[7,53.15],
[-17,114.45],
[9,17.71],
[3,80.90],
[12,75.12],
[3,61.09],
[6,70.63],
[5,74.87],
[3,64.23],
[12,46.27],
[4,68.98],
[7,81.73],
[10,54.37],
[4,77.81],
[3,79.48],
[3,44.76],
[11,144.35],
[3,68.54],
[16,42.07],
[85,103.01],
[8,151.00],
[5,61.17],
[4,57.56],
[67,90.96],
[7,81.56],
[4,67.03],
[4,87.87],
[5,81.07],
[6,46.54],
[5,85.88],
[20,118.18],
[4,20.89],
[4,50.01],
[3,47.82],
[16,118.18],
[3,79.85],
[12,71.58],
[4,53.22],
[14,117.67],
[3,63.25],
[8,54.60],
[6,75.43],
[4,118.18],
[4,92.97],
[3,70.90],
[6,75.30],
[-6,89.61],
[5,72.61],
[4,73.17],
[3,58.86],
[61,79.56],
[9,10.17],
[3,83.10],
[9,54.98],
[-6,101.27],
[1245,83.85],
[30,97.65],
[194,56.13],
[16,58.40],
[16,56.76],
[5,88.83],
[4,80.79],
[312,63.27],
[3,92.06],
[6,111.13],
[3,77.65],
[4,38.77],
[4,94.30],
[3,111.52],
[214,50.24],
[15,79.49],
[3,53.39],
[4,55.40],
[4,78.76],
[4,69.24],
[3,62.84],
[3,34.37],
[3,73.78],
[141,87.95],
[33,21.71],
[7,72.52],
[3,28.90],
[5,53.25],
[4,161.49],
[4,70.51],
[4,105.74],
[25,131.90],
[9,112.09],
[24,24.17],
[147,95.69],
[28,55.27],
[3,66.10],
[5,78.25],
[9,86.17],
[4,126.45],
[3,88.03],
[11,52.38],
[3,131.90],
[7,26.95],
[5,81.63],
[-4,63.82],
[-8,78.25],
[3,57.38],
[5,63.61],
[3,-2.85],
[9,78.33],
[3,47.61],
[4,76.59],
[75,82.39],
[4,43.41],
[8,94.51],
[12,108.03],
[20,49.48],
[8,78.25],
[3,81.84],
[5,79.76],
[4,66.87],
[4,116.15],
[7,68.94],
[3,96.76],
[3,85.07],
[3,53.89],
[4,51.92],
[3,75.50],
[3,33.47],
[20,34.37],
[3,71.82],
[10,109.10],
[4,103.38],
[3,64.63],
[4,98.65],
[5,65.57],
[41,60.71],
[4,42.45],
[3,34.54],
[9,85.07],
[8,10.07],
[812,58.68],
[-6,142.85],
[3,144.35],
[20,69.50],
[10,49.02],
[13,15.14],
[17,50.24],
[-3,62.03],
[12,75.88],
[11,122.50],
[4,70.32],
[7,69.70],
[3,41.02],
[7,77.78],
[7,75.69],
[4,74.41],
[3,134.08],
[5,59.09],
[5,74.95],
[3,130.25],
[3,80.90],
[3,151.00],
[3,93.54],
[3,61.40],
[5,78.38],
[3,158.44],
[5,78.55],
[3,68.37],
[9,127.07],
[15,51.23],
[29,61.40],
[-4,49.06],
[3,90.13],
[19,63.58],
[17,78.38],
[4,80.33],
[4,63.61],
[12,109.10],
[31,55.18],
[73,167.92],
[9,53.08],
[7,144.35],
[31,76.55],
[19,64.37],
[50,92.06],
[12,45.07],
[4,56.99],
[12,102.62],
[6,73.22],
[250,106.53],
[1075,81.63],
[14,122.50],
[7,106.12],
[3,128.75],
[12,102.62],
[49,71.78],
[83,57.94],
[-39,81.89],
[3,80.68],
[3,94.63],
[29,79.94],
[14,81.77],
[73,63.61],
[18,86.47],
[4,115.13],
[-3,141.36],
[3,78.77],
[154,15.13],
[-8,83.32],
[162,69.79],
[3,103.62],
[6,63.23],
[3,93.47],
[20,139.30],
[4,90.96],
[3,50.08],
[-3,127.22],
[3495,54.38],
[3,94.51],
[4,90.94],
[13,55.34],
[4,7.86],
[8,106.60],
[29,20.89],
[5,52.84],
[3,115.47],
[14,56.89],
[9,19.48],
[17,97.00],
[3,141.30],
[3,3.20],
[4,85.86],
[6,163.47],
[14,131.21],
[4,47.11],
[4,118.58],
[5,86.71],
[6,70.34],
[3,77.40],
[6,93.70],
[4,103.01],
[3,72.32],
[4,63.86],
[12,66.74],
[15,58.04],
[19,78.34],
[13,51.46],
[151,99.02],
[10,102.05],
[5,78.16],
[3,181.62],
[4,103.62],
[7,76.97],
[6,53.37],
[4,115.55],
[5,167.92],
[6,81.77],
[3,90.13],
[4,67.25],
[4,100.71],
[5,139.30],
[4,111.53],
[6,58.25],
[3,78.37],
[4,65.11],
[14,50.56],
[3,91.78],
[5,66.15],
[3,86.17],
[3,84.92],
[5,133.29],
[3,58.48],
[20,92.97],
[15,57.06],
[4,63.61],
[3,136.62],
[3,103.62],
[3,116.65],
[5,36.11],
[3,30.42],
[3,21.86],
[10,65.73],
[3,58.25],
[9,100.39],
[7,51.55],
[3,46.94],
[9,71.29],
[3,82.33],
[6,139.33],
[9,114.12],
[6,77.67],
[6,31.86],
[3,85.89],
[4,38.62],
[3,70.67],
[3,64.71],
[-3,48.03],
[4,8.43],
[3,69.46],
[3,72.04],
[3,78.87],
[4,122.50],
[11,57.92],
[4,60.32],
[3,85.30],
[11,50.08],
[3,127.22],
[7,100.24],
[3,70.80],
[-5,78.81],
[3,86.56],
[6,88.91],
[3,74.81],
[3,116.65],
[-5,70.02],
[4,72.32],
[3,133.29],
[8,103.34],
[3,118.51],
[3,94.88],
[3,80.79],
[3,72.62],
[3,84.45],
[3,106.00],
[4,61.33],
[3,77.42],
[3,76.50],
[6,51.16],
[3,90.09],
[3,171.73],
[4,117.16],
[3,53.46],
[3,64.67],
[3,105.41],
[4,70.34],
[3,104.62],
[3,62.34],
[6,85.86],
[3,47.73],
[3,84.03],
[5,63.06],
[3,81.89],
[5,124.69],
[7,70.56],
[13,77.61],
[7,44.04],
[-10,151.39],
[3,75.86],
[6,71.27],
[4,49.13],
[28,88.91],
[5,23.91],
[4,43.23],
[9,86.71],
[5,70.82],
[3,73.80],
[5,103.70],
[5,99.05],
[14,117.16],
[4,78.63],
[6,88.71],
[4,104.30],
[3,97.03],
[8,63.95],
[8,-7.96],
[7,77.10],
[-6,75.50],
[3,80.18],
[4,101.27],
[8,50.59],
[9,116.15],
[10,167.92],
[5,170.46],
[11,88.00],
[7,75.85],
[19,111.07],
[4,175.56],
[13,139.33],
[8,66.79],
[16,123.20],
[33,105.09],
[26,95.17],
[7,172.55],
[13,47.30],
[5,141.36],
[-7,139.33],
[29,88.06],
[4,99.41],
[4,64.83],
[9,28.84],
[3,130.77],
[9,91.81],
[-4,57.38],
[7,62.36],
[-4,117.11],
[34,72.62],
[5,25.05],
[6,83.32],
[11,84.64],
[3,98.55],
[3,52.86],
[5,78.87],
[-6,75.05],
[3,48.98],
[5,37.72],
[4,95.95],
[-7,97.03],
[4,42.14],
[4,136.62],
[4,94.30],
[7,26.64],
[21,151.39],
[4,59.66],
[5,122.50],
[3,116.65],
[5,118.18],
[4,144.23],
[5,83.38],
[-4,134.08],
[4,54.24],
[4,97.70],
[4,69.59],
[4,86.42],
[4,99.06],
[3,115.64],
[9,79.35],
[9,81.21],
[5,80.47],
[7,124.16],
[7,36.28],
[4,101.98],
[3,81.59],
[3,107.55],
[4,135.27],
[4,87.95],
[6,66.40],
[5,89.44],
[3,70.14],
[3,59.79],
[3,28.34],
[4,87.68],
[3,119.95],
[6,78.87],
[3,68.43],
[3,93.47],
[12,96.02],
[4,28.23],
[3,92.97],
[3,95.69],
[5,96.06],
[4,23.85],
[7,71.33],
[3,66.83],
[3,63.40],
[3,42.73],
[3,75.39],
[15,65.51],
[3,85.03],
[8,80.78],
[3,28.09],
[10,67.61],
[4,99.40],
[5,34.90],
[11,130.77],
[8,73.35],
[7,50.38],
[9,32.11],
[3,106.45],
[3,54.70],
[3,67.48],
[4,41.19],
[6,90.99],
[17,95.17],
[5,94.32],
[3,51.28],
[3,49.37],
[3,89.52],
[92,72.62],
[73,19.48],
[358,47.94],
[57,70.67],
[181,93.48],
[87,68.22],
[95,117.67],
[707,83.94],
[29,94.56],
[47,87.30],
[109,66.07],
[24,80.90],
[59,66.74],
[34,100.00],
[18,76.27],
[19,83.75],
[16,130.25],
[17,155.27],
[17,95.42],
[16,62.88],
[14,69.59],
[38,71.77],
[13,63.49],
[73,83.75],
[43,93.86],
[23,71.96],
[11,96.02],
[9,68.98],
[11,94.56],
[10,79.95],
[11,103.62],
[10,122.15],
[9,131.90],
[9,181.62],
[37,41.33],
[26,103.04],
[17,60.62],
[17,127.07],
[8,76.46],
[9,70.31],
[8,160.48],
[8,133.29],
[47,85.57],
[14,102.53],
[7,115.13],
[7,100.02],
[15,0.12],
[27,118.18],
[8,84.90],
[6,56.01],
[6,137.47],
[6,71.56],
[6,56.97],
[6,39.88],
[11,30.02],
[6,115.13],
[5,70.14],
[5,61.89],
[6,115.13],
[5,116.15],
[5,149.90],
[5,97.71],
[6,89.73],
[5,84.15],
[5,53.81],
[4,95.94],
[5,116.57],
[6,70.33],
[16,113.55],
[9,99.53],
[9,101.37],
[4,76.56],
[5,107.86],
[5,90.33],
[4,64.92],
[4,78.87],
[4,95.87],
[4,106.53],
[4,92.54],
[4,141.30],
[3,77.74],
[4,59.64],
[4,62.17],
[11,78.87],
[9,53.66],
[8,80.47],
[6,102.27],
[7,83.71],
[4,99.40],
[3,40.25],
[3,103.62],
[4,150.70],
[4,135.27],
[3,136.62],
[3,107.01],
[3,151.39],
[4,65.56],
[3,113.35],
[3,112.09],
[7,61.71],
[5,101.27],
[5,120.54],
[6,172.55],
[5,125.90],
[5,78.25],
[10,120.88],
[9,103.69],
[4,115.55],
[5,141.30],
[4,93.33],
[3,108.70],
[4,127.22],
[5,103.04],
[3,79.09],
[3,115.13],
[3,118.18],
[5,129.00],
[4,111.07],
[3,145.84],
[3,147.42],
[3,175.59],
[3,127.22],
[3,160.48],
[3,151.00],
[3,63.85],
[4,115.13],
[7,-5.82],
[3,50.24],
[4,55.89],
[3,99.53],
[3,91.78],
[3,117.11],
[3,103.54],
[3,53.66],
[3,100.71],
[-5,58.25],
[-6,71.14],
[-12,141.30],
[-11,72.51],
[-6,77.91],
[-11,107.60],
[39,98.87],
[33,90.13],
[14,82.55],
[30,128.75],
[47,81.42],
[9,122.06],
[13,115.13],
[6,74.72],
[10,89.52],
[4,71.82],
[5,83.78],
[7,112.97],
[3,95.46],
[4,79.51],
[-15,83.25],
[-6,106.09],
[-15,111.51],
[88,89.86],
[246,132.54],
[73,35.61],
[62,128.75],
[28,79.09],
[95,77.16],
[8,46.07],
[43,52.94],
[16,119.87],
[9,108.98],
[13,64.77],
[39,55.65],
[9,97.70],
[20,82.48],
[3,57.18],
[4,25.36],
[4,80.55],
[11,63.23],
[7,102.53],
[4,107.22],
[6,73.13],
[4,74.50],
[3,102.05],
[-12,97.42],
[138,49.48],
[93,28.58],
[9,135.27],
[4,54.65],
[13,61.75],
[4,76.50],
[8,75.99],
[3,78.97],
[-6,76.56],
[-5,59.68],
[-15,51.02],
[-5,89.52],
[-7,78.41],
[9,68.09],
[8,84.81],
[5,65.56],
[5,76.62],
[5,126.20],
[4,111.07],
[4,116.15],
[4,63.13],
[3,98.00],
[-12,131.90],
[7,77.91],
[8,98.68],
[16,65.67],
[6,118.76],
[4,84.42],
[3,61.57],
[23,43.77],
[30,100.24],
[10,22.93],
[14,24.87],
[13,4.58],
[12,35.61],
[5,19.62],
[7,43.12],
[5,36.82],
[5,33.75],
[3,108.70],
[3,116.15],
[5,78.87],
[3,103.69],
[3,60.01],
[11,74.35],
[3,29.87],
[4,122.15],
[3,58.00],
[5,61.93],
[3,151.00],
[4,88.47],
[3,102.05],
[26,158.44],
[6,112.09],
[8,69.23],
[3,90.33],
[-3,92.56],
[-6,107.60],
[-18,44.70],
[-5,139.33],
[3,27.96],
[3,82.33],
[4,88.26],
[6,3.63],
[4,60.40],
[4,15.73],
[4,82.48],
[3,119.70],
[5,66.34],
[8,128.02],
[3,127.22],
[3,26.93],
[6,70.31],
[4,145.84],
[4,136.62],
[3,50.47],
[3,94.60],
[3,111.60],
[3,98.87],
[3,46.18],
[349,63.11],
[67,55.95],
[186,85.57],
[40,52.86],
[75,89.52],
[50,37.86],
[59,105.41],
[53,47.56],
[18,72.90],
[62,44.43],
[8,47.15],
[21,71.77],
[9,42.87],
[8,60.19],
[3,66.79],
[6,90.99],
[10,22.16],
[3,59.64],
[3,131.90],
[3,33.45],
[3,34.69],
[-11,35.06],
[-7,44.54],
[-10,67.33],
[-5,92.54],
[73,78.77],
[19,60.19],
[13,88.34],
[10,99.29],
[10,53.55],
[6,65.73],
[11,90.96],
[4,75.43],
[5,142.54],
[8,78.25],
[7,120.26],
[3,82.93],
[5,107.01],
[3,84.90],
[39,133.26],
[26,73.85],
[34,89.90],
[42,95.27],
[5,105.09],
[11,88.48],
[12,103.34],
[5,85.14],
[3,112.09],
[3,89.52],
[3,106.25],
[-4,117.11],
[14,61.94],
[3,70.70],
[3,68.29],
[13,53.87],
[4,78.20],
[3,80.20],
[3,69.50],
[3,103.70],
[9,114.12],
[5,108.03],
[3,75.50],
[8,79.56],
[7,66.44],
[6,78.87],
[3,112.09],
[13,86.42],
[13,90.96],
[19,80.50],
[4,68.82],
[3,55.75],
[5,76.23],
[3,96.58],
[5,123.20],
[10,111.33],
[24,95.00],
[17,95.95],
[15,95.95],
[14,92.97],
[23,81.42],
[13,102.53],
[18,121.17],
[37,94.30],
[15,70.31],
[7,86.71],
[7,59.68],
[7,108.70],
[14,88.00],
[6,92.97],
[6,114.07],
[11,72.52],
[30,85.03],
[15,87.95],
[18,49.48],
[15,70.67],
[6,61.33],
[5,70.67],
[5,15.80],
[5,89.52],
[5,83.32],
[5,44.98],
[10,100.24],
[11,90.09],
[5,78.87],
[3,81.86],
[4,45.25],
[4,129.00],
[4,89.81],
[3,66.10],
[3,69.79],
[3,47.96],
[3,103.04],
[3,96.02],
[3,80.99],
[3,63.61],
[3,81.63],
[3,12.59],
[10,108.03],
[6,145.84],
[5,94.30],
[5,61.55],
[5,71.90],
[6,139.33],
[3,95.94],
[11,100.24],
[4,80.78],
[-9,43.08],
[5,90.09],
[3,22.75],
[3,72.16],
[4,74.46],
[3,69.78],
[16,83.32],
[12,120.55],
[11,101.98],
[11,81.63],
[10,115.13],
[10,131.90],
[9,95.69],
[10,94.30],
[8,46.81],
[8,59.63],
[7,65.30],
[6,15.64],
[24,112.09],
[5,35.61],
[21,58.22],
[4,41.84],
[7,108.27],
[7,117.67],
[8,130.25],
[6,108.63],
[6,103.54],
[4,102.05],
[3,94.32],
[3,123.20],
[3,76.75],
[3,107.01],
[3,62.03],
[3,112.09],
[6,135.27],
[3,89.90],
[-5,139.33],
[4,38.30],
[4,167.03],
[4,101.55],
[-6,56.70],
[2769,49.41],
[146,114.12],
[489,68.94],
[620,25.12],
[890,84.05],
[232,23.72],
[4125,56.76],
[168,76.28],
[600,75.71],
[275,42.68],
[1433,54.57],
[936,55.44],
[48,98.68],
[20,73.17],
[105,100.71],
[608,46.45],
[168,56.98],
[65,122.15],
[6,144.35],
[101,43.19],
[270,31.93],
[89,62.82],
[141,60.31],
[11,65.56],
[7,39.74],
[5,63.12],
[4,139.30],
[3,66.42],
[3,64.43],
[3,84.26],
[3,68.08],
[3,70.08],
[3,99.37],
[37,82.48],
[8,60.71],
[7,41.02],
[8,70.80],
[3,79.51],
[7,97.00],
[7,89.61],
[22,51.48],
[6,46.78],
[3,101.51],
[3,78.92],
[5,66.64],
[7,57.10],
[6,57.92],
[3,51.92],
[3,90.94],
[3,59.83],
[3,60.74],
[3,94.30],
[3,108.27],
[7,84.03],
[20,87.41],
[5,80.09],
[6,62.30],
[7,80.69],
[3,88.00],
[6,104.82],
[4,74.50],
[4,60.97],
[3,52.00],
[4,139.30],
[4,95.94],
[5,49.91],
[7,64.92],
[5,69.16],
[3,54.65],
[3,97.17],
[4,62.75],
[3,51.89],
[3,62.05],
[3,86.12],
[4,66.40],
[3,70.31],
[3,114.12],
[3,124.69],
[3,98.68],
[3,135.27],
[3,66.16],
[3,132.03],
[3,86.71],
[-6,66.40],
[3,59.68],
[-7,110.39],
[5,62.97],
[3,83.32],
[3,65.28],
[48,108.98],
[12,73.73],
[4,84.05],
[-12,84.90],
[7,80.78],
[7,132.03],
[6,78.11],
[4,160.48],
[4,117.11],
[3,46.26],
[6,112.09],
[3,107.07],
[3,125.62],
[14,103.34],
[4,48.64],
[4,70.31],
[-3,100.00],
[-4,72.75],
[-3,101.98],
[13,35.91],
[7,108.96],
[-24,89.52],
[11,52.40],
[8,38.30],
[7,52.93],
[7,84.05],
[8,1.85],
[6,45.26],
[6,82.43],
[5,62.79],
[5,22.15],
[6,25.19],
[4,94.51],
[4,33.98],
[4,74.52],
[4,48.69],
[4,53.12],
[3,82.93],
[3,53.86],
[3,35.27],
[3,50.57],
[3,51.87],
[3,47.17],
[3,31.88],
[4,62.17],
[16,73.85],
[5,68.37],
[4,52.48],
[24,139.33],
[17,129.00],
[5,71.97],
[13,62.13],
[4,55.11],
[3,114.12],
[-14,12.83],
[-7,68.69],
[-5,69.50],
[8,84.90],
[7,75.50],
[7,89.60],
[6,100.96],
[3,77.85],
[4,80.79],
[4,87.55],
[4,127.07],
[4,95.95],
[4,74.72],
[3,78.79],
[3,61.40],
[-5,46.38],
[10,55.08],
[5,81.17],
[3,16.50],
[3,64.85],
[4,51.18],
[3,18.44],
[3,117.33],
[3,57.70],
[3,65.30],
[-3,62.79],
],

