[[10,70.63],
[12,84.89],
[8,91.75],
[6,55.35],
[52,117.16],
[9,103.54],
[23,87.55],
[17,36.17],
[5,95.17],
[56,69.30],
[9,76.97],
[182,52.78],
[2899,86.71],
[74,75.50],
[58,82.91],
[12,38.62],
[13,38.62],
[5,92.65],
[631,100.96],
[975,67.51],
[29,75.07],
[30,75.07],
[3,122.15],
[-4,118.18],
[9,48.90],
[36,30.23],
[21,84.34],
[5,-3.31],
[110,59.68],
[30,54.20],
[80,117.16],
[826,39.44],
[13,48.10],
[6,65.73],
[275,59.68],
[10,37.55],
[131,51.52],
[409,37.46],
[8,54.65],
[5,100.24],
[5,116.15],
[11,101.27],
[-4,24.81],
[3,88.89],
[4,30.90],
[3,54.35],
[-5,93.58],
[-6,93.58],
[4,111.28],
[360,1.04],
[3,65.56],
[4,90.05],
[40,45.26],
[-3,103.70],
[99,58.36],
[3,81.14],
[18,67.53],
[20,118.18],
[23,118.18],
[15,41.85],
[17,41.85],
[-3,36.13],
[29,38.49],
[-14,139.73],
[4,91.65],
[3,59.19],
[3,63.38],
[6,11.63],
[3,13.13],
[37,97.80],
[42,50.63],
[44,50.63],
[8,112.59],
[17,78.20],
[26,25.96],
[-3,19.33],
[-4,19.33],
[5,80.33],
[4,63.71],
[3,59.21],
[10,53.70],
[3,20.54],
[13,71.82],
[9,118.68],
[3,70.08],
[86,85.89],
[20,92.97],
[22,92.97],
[3,83.25],
[-9,47.93],
[3,101.27],
[3,66.40],
[3,95.69],
[36,77.10],
[21,56.47],
[4,66.53],
[4,103.04],
[3,84.64],
[19,53.39],
[66,74.27],
[4,90.09],
[3,86.93],
[7,22.07],
[5,66.88],
[5,15.22],
[10,33.46],
[7,61.36],
[34,83.25],
[3,61.05],
[4,128.56],
[16,71.74],
[5,122.15],
[7,122.15],
[8,33.94],
[16,85.07],
[5,103.21],
[31,30.03],
[14,117.67],
[5,47.43],
[3,28.63],
[20,58.51],
[23,58.51],
[10,77.81],
[66,46.95],
[71,46.95],
[14,104.06],
[14,66.14],
[16,66.14],
[3,125.62],
[4,95.16],
[23,78.41],
[24,78.41],
[70,68.15],
[4,59.29],
[3,79.94],
[36,93.58],
[38,93.58],
[7,70.14],
[3,33.73],
[3,45.70],
[5,30.95],
[4,18.32],
[11,103.04],
[4,62.62],
[13,116.15],
[6,32.25],
[4,86.17],
[7,46.25],
[8,46.25],
[6,78.35],
[50,42.41],
[55,42.41],
[3,57.34],
[4,57.34],
[-3,72.83],
[3,34.18],
[3,108.96],
[6,98.00],
[11,54.96],
[9,54.96],
[3,-1.59],
[3,70.08],
[41,57.79],
[3,97.17],
[8,19.97],
[9,19.97],
[10,73.25],
[4,116.15],
[7,47.44],
[8,47.44],
[4,66.74],
[-3,61.40],
[-4,61.40],
[3,68.82],
[22,59.32],
[25,59.32],
[17,73.41],
[42,36.86],
[3,95.85],
[4,74.86],
[8,84.90],
[-3,64.23],
[20,37.77],
[24,37.77],
[5,76.50],
[11,59.36],
[15,87.41],
[10,80.90],
[13,80.90],
[11,45.95],
[8,45.95],
[4,80.31],
[4,65.35],
[3,71.45],
[3,118.76],
[3,83.32],
[101,95.73],
[110,95.73],
[7,66.37],
[7,25.80],
[-5,56.61],
[4,-4.85],
[5,83.32],
[-7,139.33],
[-9,139.33],
[3,61.27],
[3,78.81],
[3,45.26],
[11,95.95],
[7,95.95],
[4,54.42],
[8,36.03],
[9,36.03],
[3,49.54],
[-33,55.39],
[10,89.61],
[11,89.61],
[12,66.68],
[13,66.68],
[23,33.78],
[24,33.78],
[5,60.99],
[-13,50.89],
[-14,50.89],
[6,141.59],
[7,65.73],
[3,122.50],
[4,68.15],
[7,68.15],
[87,103.70],
[92,103.70],
[3,46.10],
[5,59.68],
[4,95.17],
[17,107.86],
[61,56.23],
[64,56.23],
[20,76.23],
[21,57.31],
[24,57.31],
[7,74.81],
[-11,41.30],
[25,37.77],
[27,37.77],
[20,51.18],
[26,51.18],
[16,63.13],
[4,102.05],
[5,102.05],
[-16,44.63],
[6,40.06],
[8,40.06],
[10,101.27],
[9,101.27],
[8,69.23],
[4,70.28],
[4,70.35],
[5,70.35],
[27,113.10],
[32,113.10],
[3,70.80],
[4,70.80],
[6,49.76],
[7,49.76],
[139,41.86],
[148,41.86],
[24,55.73],
[12,63.40],
[13,63.40],
[-7,139.33],
[-8,139.33],
[12,37.54],
[14,37.54],
[4,90.38],
[5,90.38],
[28,26.24],
[30,26.24],
[12,92.91],
[8,108.96],
[14,113.93],
[15,113.93],
[6,66.44],
[3,103.57],
[4,103.57],
[-5,17.79],
[-7,17.79],
[42,93.45],
[46,93.45],
[7,139.33],
[9,139.33],
[10,25.08],
[8,25.08],
[-5,60.92],
[-6,60.92],
[106,57.22],
[99,57.22],
[10,26.37],
[9,26.37],
[24,100.24],
[26,100.24],
[-16,82.41],
[-18,82.41],
[4,12.05],
[-18,55.99],
[-19,55.99],
[22,97.70],
[-4,90.32],
[-5,90.32],
[3,69.11],
[120,84.92],
[127,84.92],
[46,72.32],
[48,72.32],
[36,105.26],
[40,105.26],
[10,68.94],
[9,68.94],
[9,26.46],
[13,94.78],
[15,94.78],
[1913,17.23],
[2080,17.23],
[18,108.96],
[20,108.96],
[30,68.91],
[32,68.91],
[-23,66.40],
[-24,66.40],
[6,76.82],
[-6,60.19],
[-9,60.19],
[3,83.75],
[85,36.47],
[87,36.47],
[-4,97.03],
[4,73.78],
[5,73.78],
[287,112.09],
[306,112.09],
[39,45.25],
[44,45.25],
[3,75.12],
[-14,69.84],
[-16,69.84],
[56,61.91],
[5,65.28],
[7,65.28],
[-5,49.02],
[-6,49.02],
[7,117.11],
[9,117.11],
[1087,51.18],
[987,51.18],
[3,132.03],
[5,132.03],
[4,119.63],
[-23,67.78],
[4,111.51],
[5,111.51],
[12,51.16],
[13,51.16],
[7,62.62],
[-14,25.23],
[-6,139.33],
[-7,139.33],
[17,68.66],
[3,80.90],
[3,64.29],
[7,75.32],
[8,75.32],
[6,80.31],
[5,61.24],
[6,61.24],
[-3,67.08],
[3,74.14],
[63,16.67],
[64,16.67],
[7,56.66],
[9,56.66],
[-5,86.66],
[3,79.78],
[4,95.00],
[4,141.30],
[9,59.75],
[19,80.78],
[20,80.78],
[3,92.17],
[6,92.17],
[6,89.90],
[9,89.90],
[36,84.92],
[12,63.70],
[9,63.70],
[-6,72.28],
[6,93.58],
[7,93.58],
[8,95.44],
[8,83.32],
[9,83.32],
[4,71.99],
[5,71.99],
[5,55.34],
[6,55.34],
[11,57.44],
[12,57.44],
[3,55.22],
[-3,46.47],
[32,42.87],
[36,42.87],
[3,37.13],
[4,37.13],
[-6,84.42],
[-7,84.42],
[3,139.33],
[3,44.14],
[3,60.19],
[5,0.07],
[6,0.07],
[28,21.77],
[31,21.77],
[-3,85.57],
[3,45.11],
[4,45.11],
[10,62.75],
[11,62.75],
[3,84.59],
[3,66.10],
[178,55.98],
[212,55.98],
[3,31.55],
[62,122.15],
[73,122.15],
[4,84.92],
[5,84.92],
[4,70.81],
[5,70.81],
[4,71.48],
[5,71.48],
[3,121.46],
[3,128.65],
[3,47.83],
[4,61.85],
[5,61.85],
[3,69.23],
[3,103.01],
[3,38.17],
[4,41.55],
[5,41.55],
[394,44.53],
[518,44.53],
[3,127.07],
[6,74.84],
[9,74.84],
[-3,56.25],
[-5,56.25],
[6,61.40],
[-3,29.18],
[3,78.87],
[-7,54.09],
[-8,54.09],
[3,70.10],
[3,29.03],
[-7,72.83],
[-8,72.83],
[3,71.69],
[4,79.23],
[3,103.70],
[-5,60.01],
[-7,60.01],
[19,89.09],
[11,57.23],
[14,57.23],
[-15,45.65],
[-17,45.65],
[3,50.75],
[-6,30.45],
[-8,30.45],
[53,47.29],
[78,47.29],
[13,30.69],
[9,30.69],
[4,40.25],
[7,40.25],
[-6,36.95],
[-7,36.95],
[3,23.82],
[5,23.82],
[27,55.94],
[37,55.94],
[3,45.73],
[26,117.67],
[38,117.67],
[13,59.63],
[19,19.00],
[23,19.00],
[3,75.50],
[3,46.64],
[10,83.01],
[6,83.01],
[101,82.55],
[121,82.55],
[3,66.79],
[6,46.09],
[7,46.09],
[-3,97.31],
[3,78.25],
[15,103.54],
[16,103.54],
[5,95.00],
[4,62.39],
[3,63.70],
[6,38.63],
[8,38.63],
[26,52.60],
[31,52.60],
[29,87.95],
[8,51.60],
[3,36.30],
[3,87.68],
[4,74.71],
[-3,70.63],
[-5,70.63],
[17,91.78],
[12,81.24],
[11,71.82],
[6,52.02],
[3,75.50],
[23,93.50],
[-4,49.19],
[10,64.23],
[-5,122.50],
[-7,122.50],
[12,7.54],
[3,42.16],
[3,38.59],
[3,41.70],
[3,31.01],
[11,50.87],
[7,50.87],
[15,109.10],
[23,109.10],
[-3,50.56],
[-3,34.67],
[4,81.90],
[4,85.02],
[6,78.67],
[4,144.35],
[4,56.70],
[17,57.10],
[8,57.10],
[3,80.88],
[3,47.83],
[3,73.54],
[3,36.24],
[-3,139.33],
[-4,84.46],
[-3,61.91],
[3,120.46],
[4,120.46],
[4,87.68],
[3,49.19],
[4,49.19],
[3,82.41],
[4,82.41],
[-5,103.62],
[-7,103.62],
[5,68.52],
[12,41.30],
[5,41.30],
[3,119.40],
[3,47.83],
[4,87.93],
[3,78.77],
[3,77.97],
[8,42.41],
[4,9.97],
[22,66.53],
[29,39.02],
[3,47.39],
[5,81.92],
[8,66.53],
[3,27.07],
[8,42.71],
[10,46.09],
[3,37.98],
[22,48.10],
[141,40.60],
[20,37.55],
[15,85.02],
[12,96.06],
[23,108.63],
[37,27.24],
[22,144.04],
[6,73.17],
[30,71.72],
[60,96.58],
[-3,110.06],
[4,90.33],
[61,55.34],
[-27,35.30],
[9,78.35],
[6,78.87],
[9,81.86],
[20,43.58],
[6,86.26],
[18,11.83],
[6,57.70],
[-5,40.09],
[92,74.40],
[43,64.80],
[-3,97.83],
[117,43.29],
[14,49.54],
[-4,86.45],
[1201,59.32],
[153,59.53],
[-24,36.60],
[-14,83.75],
[17,68.58],
[7,52.09],
[3,57.73],
[5,80.31],
[119,40.68],
[3,63.76],
[62,0.25],
[3,67.24],
[-5,55.40],
[52,46.00],
[53,38.60],
[390,37.90],
[-3,139.33],
[205,60.74],
[303,104.08],
[22,102.62],
[3,50.56],
[38,142.54],
[3,103.38],
[19,87.75],
[31,80.20],
[13,53.03],
[21,75.88],
[130,62.17],
[123,63.82],
[9,79.56],
[5,120.11],
[35,78.14],
[446,84.90],
[5,118.18],
[24,83.75],
[29,58.40],
[18,50.51],
[5,53.72],
[10,70.34],
[-11,80.20],
[-6,94.51],
[45,54.44],
[6,129.00],
[79,91.84],
[11,75.71],
[6,95.00],
[6,49.48],
[13,117.16],
[5,127.07],
[-18,80.90],
[10,94.30],
[148,68.07],
[-10,55.53],
[3,38.84],
[5,64.71],
[5,72.28],
[16,103.29],
[4,82.55],
[29,41.02],
[20,36.57],
[8,124.69],
[-11,56.38],
[16,64.80],
[-7,83.32],
[12,-3.61],
[11,93.25],
[7,62.53],
[4,103.62],
[84,73.78],
[3,130.77],
[9,88.73],
[3,84.93],
[118,44.41],
[27,19.33],
[939,59.16],
[126,71.82],
[21,54.21],
[8,96.58],
[19,103.62],
[6,52.49],
[19,113.61],
[-8,37.36],
[40,60.87],
[12,41.44],
[87,55.39],
[21,65.08],
[6,114.12],
[6,55.60],
[3,118.18],
[8,51.07],
[52,139.33],
[19,78.87],
[874,18.93],
[3,61.33],
[4,111.28],
[-5,63.58],
[-7,61.39],
[88,58.50],
[69,79.53],
[64,66.70],
[30,97.03],
[14,62.17],
[8,83.85],
[18,51.04],
[38,57.92],
[8,62.03],
[-10,55.18],
[10,73.30],
[151,49.61],
[48,70.76],
[10,27.89],
[6,64.92],
[16,49.48],
[1464,35.91],
[100,49.65],
[3,93.58],
[9,48.66],
[44,57.31],
[15,43.31],
[-8,53.72],
[-47,8.88],
[14,45.25],
[33,22.54],
[8,13.10],
[3,108.70],
[11,10.48],
[4,78.73],
[14,28.95],
[7,60.51],
[16,99.49],
[37,98.68],
[10,86.71],
[14,53.83],
[12,98.89],
[3,63.87],
[140,68.65],
[6,57.23],
[9,132.54],
[-3,38.60],
[4,70.80],
[14,83.25],
[25,89.47],
[30,69.38],
[4,50.44],
[7,63.44],
[7,82.94],
[3,26.98],
[3,39.08],
[3,28.66],
[5,76.33],
[6,108.70],
[27,53.15],
[10,40.74],
[10,151.93],
[13,61.40],
[3,47.18],
[78,60.48],
[21,95.42],
[5,41.03],
[4,55.99],
[18,176.35],
[9,66.73],
[-4,83.10],
[7,166.99],
[339,38.84],
[4,59.63],
[52,66.40],
[26,56.34],
[7,120.55],
[8,51.16],
[15,85.89],
[-21,76.50],
[11,47.12],
[4,66.40],
[6,132.03],
[41,86.42],
[7,55.27],
[4,42.15],
[3,53.05],
[11,95.94],
[-5,103.62],
[20,72.83],
[7,49.02],
[22,112.95],
[35,43.09],
[7,107.07],
[4,61.24],
[-4,46.61],
[7,86.60],
[3,40.56],
[3,142.85],
[35,55.01],
[5,63.87],
[62,55.72],
[3,85.02],
[109,46.98],
[6,52.27],
[5,40.05],
[6,98.55],
[16,59.32],
[9,101.27],
[4,80.79],
[154,58.73],
[15,50.00],
[6,125.62],
[9,65.57],
[3,112.09],
[4,76.56],
[9,88.71],
[7,34.17],
[45,31.26],
[10,72.52],
[3,40.53],
[3,99.37],
[4,79.09],
[-4,102.62],
[3,95.17],
[27,25.28],
[11,56.61],
[3,98.87],
[11,61.93],
[33,48.77],
[5,48.91],
[6,35.81],
[7,114.12],
[13,77.75],
[57,74.79],
[19,36.11],
[26,68.82],
[3,79.09],
[4,42.27],
[4,51.47],
[5,59.21],
[3,88.00],
[39,49.66],
[47,30.33],
[25,56.52],
[63,72.28],
[3,62.88],
[8,78.42],
[12,104.84],
[-7,34.26],
[32,108.27],
[-4,64.96],
[4,35.95],
[4,59.07],
[8,52.76],
[4,59.07],
[6,97.03],
[5,57.69],
[12,42.62],
[4,43.84],
[10,54.87],
[14,65.56],
[3,44.35],
[4,66.78],
[7,95.17],
[3,83.75],
[-6,32.68],
[14,110.39],
[12,76.55],
[10,117.16],
[3,45.58],
[4,106.60],
[245,70.92],
[4,119.53],
[-20,80.47],
[114,65.97],
[4,66.03],
[6,70.63],
[5,62.17],
[3,65.39],
[-10,103.54],
[16,29.74],
[22,45.63],
[-26,77.42],
[3,69.46],
[20,53.24],
[-16,57.52],
[10,92.67],
[140,41.45],
[8,100.24],
[3,50.26],
[12,57.43],
[5,59.75],
[6,64.95],
[3,94.30],
[22,115.64],
[5,95.69],
[-7,57.02],
[6,76.38],
[17,62.26],
[13,113.10],
[4,114.12],
[3,87.68],
[19,67.44],
[108,44.41],
[4,71.07],
[4,66.37],
[6,91.62],
[3,61.40],
[24,94.88],
[6,80.07],
[564,34.02],
[151,78.77],
[3,137.99],
[3,111.33],
[-5,62.11],
[4,74.40],
[-5,37.80],
[29,102.05],
[3,74.02],
[8,96.64],
[5,84.90],
[4,76.50],
[-3,95.69],
[8,139.33],
[3,88.00],
[5,68.07],
[4,81.86],
[5,108.63],
[5,70.80],
[4,59.75],
[4,133.29],
[18,25.03],
[20,117.67],
[4,171.05],
[3,73.38],
[4,59.07],
[12,58.42],
[-3,55.27],
[-3,79.35],
[45,57.94],
[-4,79.35],
[13,84.92],
[9,56.98],
[4,113.10],
[56,102.53],
[6,73.48],
[5,111.52],
[14,95.95],
[10,102.62],
[6,108.96],
[7,34.80],
[5,76.78],
[14,103.62],
[36,98.87],
[5,109.18],
[5,84.45],
[6,94.78],
[7,59.68],
[6,28.37],
[22,103.38],
[11,69.67],
[34,92.31],
[81,104.62],
[6,103.75],
[6,74.39],
[92,99.39],
[31,66.40],
[4,23.11],
[-3,47.83],
[5,80.68],
[4,105.92],
[4,82.55],
[37,34.87],
[9,92.06],
[6,106.60],
[18,144.04],
[168,102.05],
[-4,56.57],
[15,109.09],
[24,126.45],
[-9,81.42],
[23,93.09],
[4,87.41],
[5,89.09],
[67,103.38],
[7,95.73],
[16,91.84],
[15,87.95],
[4,80.19],
[-5,139.33],
[5,73.14],
[3,74.60],
[6,90.96],
[4,81.65],
[10,82.55],
[6,45.26],
[10,62.17],
[-9,22.50],
[3,131.54],
[4,94.51],
[6,95.95],
[4,76.12],
[46,68.03],
[16,93.54],
[6,73.99],
[3,62.71],
[-3,107.60],
[15,48.36],
[7,31.71],
[9,79.47],
[8,91.60],
[3,80.90],
[26,85.01],
[10,55.22],
[5,84.18],
[3,44.48],
[4,86.62],
[9,77.40],
[12,125.62],
[7,101.37],
[12,73.17],
[19,90.33],
[4,83.25],
[11,22.62],
[5,114.62],
[4,90.99],
[7,117.11],
[-7,74.81],
[5,68.00],
[4,73.54],
[5,93.98],
[8,64.90],
[22,62.38],
[5,89.24],
[8,71.28],
[7,96.02],
[7,99.00],
[24,77.66],
[3,139.33],
[11,90.05],
[3,61.24],
[7,67.88],
[6,26.53],
[3,52.71],
[9,106.75],
[10,71.13],
[3,71.78],
[17,52.09],
[264,58.62],
[6,112.65],
[6,68.94],
[5,39.24],
[4,51.92],
[3,83.47],
[56,84.35],
[-4,70.51],
[4,51.72],
[13,103.65],
[3,33.91],
[4,65.30],
[3,39.33],
[4,86.17],
[3,79.81],
[-8,108.18],
[-3,67.76],
[4,101.69],
[-6,49.52],
[2142,72.16],
[3,66.46],
[3,130.77],
[3,54.41],
[79,66.40],
[-8,22.59],
[3,54.70],
[74,70.46],
[137,49.19],
[5,47.29],
[3,40.04],
[27,112.09],
[-9,59.75],
[3,56.25],
[7,71.29],
[1897,75.14],
[24,167.92],
[41,103.54],
[7,34.35],
[7,73.80],
[24,55.73],
[7,43.52],
[4,94.30],
[467,87.18],
[25,57.55],
[5,52.65],
[8,60.48],
[-17,64.71],
[3,62.05],
[3,73.78],
[-6,64.52],
[4,59.64],
[23,56.13],
[-6,76.07],
[1161,79.51],
[72,69.14],
[5,86.73],
[6,127.22],
[6,71.50],
[3,65.97],
[11,87.68],
[30,103.38],
[3,42.55],
[3,81.16],
[19,126.20],
[3,33.21],
[3,80.85],
[3,84.35],
[6,67.73],
[76,19.88],
[3,53.29],
[4,54.21],
[6,84.90],
[3,85.89],
[17,51.50],
[126,72.75],
[5,130.77],
[4,112.14],
[8,54.54],
[4,91.75],
[5,29.95],
[687,55.39],
[13,52.11],
[10,40.61],
[-3,18.58],
[74,72.26],
[3,73.17],
[3,62.12],
[98,63.84],
[3,90.05],
[68,166.99],
[5,46.18],
[3,115.13],
[5,89.61],
[663,94.30],
[4,37.26],
[4,149.90],
[10,109.10],
[8,95.00],
[3,50.48],
[5,102.31],
[3,49.54],
[6,49.20],
[5,62.75],
[15,86.45],
[170,97.00],
[3,67.76],
[3,53.71],
[3,85.88],
[5,91.47],
[32,99.41],
[3,95.00],
[5,68.43],
[7,113.61],
[4,93.70],
[3,61.38],
[6,49.91],
[-3,47.39],
[3,18.11],
[6,103.26],
[5,90.96],
[3,76.50],
[3,86.60],
[3,39.98],
[19,55.39],
[-12,56.89],
[3,53.57],
[8,57.95],
[289,49.56],
[17,84.98],
[57,77.20],
[7,55.58],
[97,52.58],
[1973,58.13],
[-11,8.10],
[199,75.27],
[312,37.37],
[1380,93.12],
[39,34.33],
[3644,39.06],
[50,70.81],
[808,35.17],
[51,62.98],
[-3,53.12],
[123,64.70],
[9,85.88],
[42,89.81],
[29,99.66],
[233,39.26],
[230,57.23],
[645,82.39],
[95,35.28],
[23,69.76],
[12,30.74],
[13,102.62],
[37,47.12],
[1948,69.60],
[52,116.57],
[10,39.21],
[25,58.61],
[-22,70.35],
[4,88.26],
[19,81.65],
[16,76.59],
[39,65.20],
[206,74.86],
[29,89.09],
[39,63.23],
[3,12.43],
[10,97.22],
[10,100.71],
[6,64.92],
[17,53.83],
[80,50.19],
[44,83.04],
[33,96.02],
[79,43.42],
[192,44.11],
[8,69.40],
[3,103.70],
[20,98.68],
[9,43.62],
[8,102.05],
[6,75.12],
[190,89.61],
[80,88.96],
[26,51.32],
[10,45.14],
[210,95.73],
[39,69.40],
[-8,74.57],
[8,64.37],
[7,60.46],
[-31,139.33],
[7,49.04],
[226,49.91],
[4,49.83],
[59,118.68],
[45,51.50],
[21,95.56],
[8,56.25],
[64,64.69],
[7,57.61],
[-4,55.95],
[7,57.38],
[3,36.51],
[13,55.42],
[16,24.97],
[17,51.25],
[5,42.88],
[3,84.92],
[11,78.31],
[72,33.05],
[5,93.05],
[4,43.45],
[27,75.89],
[-3,89.47],
[-3,57.13],
[5,116.15],
[29,75.99],
[4,109.09],
[23,103.69],
[16,71.82],
[6,31.25],
[202,66.21],
[-10,139.33],
[19,89.61],
[14,49.91],
[32,48.90],
[119,32.56],
[12,130.77],
[8,82.39],
[21,81.65],
[-8,84.18],
[3,62.30],
[-6,50.14],
[25,58.41],
[19,74.69],
[75,61.40],
[4,42.72],
[6,49.44],
[135,67.53],
[46,40.65],
[4,63.06],
[4,65.43],
[3,49.31],
[-4,66.37],
[6,52.60],
[17,102.05],
[35,70.08],
[-4,139.33],
[3,63.82],
[296,42.20],
[3,63.40],
[53,61.17],
[39,90.94],
[6,46.29],
[4,51.56],
[36,56.39],
[13,46.26],
[4,50.41],
[56,83.75],
[3,80.07],
[9,60.71],
[3,51.11],
[7,84.79],
[3,61.39],
[4,40.61],
[3,51.18],
[10,151.39],
[4,52.05],
[3,82.39],
[5,37.80],
[14,76.34],
[9,57.23],
[100,46.73],
[3,59.38],
[10,71.77],
[4,63.95],
[3,64.47],
[3,3.51],
[3,72.72],
[53,101.61],
[4,98.68],
[4,71.14],
[4,31.68],
[9,71.29],
[4,128.75],
[80,45.25],
[3,108.27],
[42,25.80],
[3,56.44],
[3,52.33],
[5,34.36],
[5,115.13],
[3,84.21],
[25,46.93],
[3,37.08],
[12,23.67],
[3,11.58],
[20,35.51],
[3,55.18],
[3,25.37],
[6,49.66],
[4,57.26],
[3,62.76],
[3,114.12],
[40,66.15],
[18,20.48],
[4,49.43],
[17,13.24],
[3,60.40],
[5,78.87],
[7,28.05],
[23,52.89],
[123,96.01],
[12,110.56],
[4,48.03],
[-4,53.66],
[3,83.38],
[-6,57.52],
[10,88.00],
[30,24.71],
[12,54.42],
[17,163.47],
[19,60.47],
[3,64.51],
[4,36.33],
[10,42.34],
[9,54.90],
[3,58.18],
[4,58.53],
[4,37.26],
[4,58.81],
[9,60.36],
[3,45.59],
[3,56.49],
[16,86.45],
[15,63.88],
[6,65.73],
[3,95.17],
[3,107.91],
[4,51.30],
[49,68.29],
[3,43.08],
[3,38.49],
[13,73.17],
[7,99.53],
[3,49.23],
[16,98.65],
[-3,117.16],
[91,98.87],
[5,96.11],
[6,65.00],
[-4,61.33],
[4,33.82],
[11,118.18],
[-4,73.85],
[3,30.75],
[3,71.82],
[26,96.06],
[3,118.18],
[4,56.16],
[3,32.82],
[19,39.19],
[4,56.70],
[4,57.06],
[16,15.51],
[10,81.42],
[7,87.95],
[17,83.32],
[6,57.34],
[3,102.62],
[3,74.42],
[4,48.78],
[5,35.30],
[5,72.99],
[5,58.51],
[3,67.88],
[4,111.46],
[9,67.53],
[4,57.52],
[4,75.94],
[3,114.12],
[21,84.81],
[4,21.56],
[4,55.37],
[37,62.45],
[-3,30.74],
[6,96.06],
[4,70.67],
[3,99.49],
[5,108.70],
[-7,139.33],
[4,42.63],
[4,50.67],
[6,90.09],
[17,116.65],
[4,103.38],
[5,59.38],
[3,117.11],
[70,24.10],
[644,52.83],
[4,35.93],
[3,90.13],
[27,60.23],
[8,69.39],
[4,52.60],
[3,65.31],
[557,21.93],
[3,54.27],
[-3,78.20],
[58,61.40],
[3,97.70],
[12,67.80],
[3,36.08],
[24,44.37],
[8,51.15],
[-7,139.33],
[3,67.31],
[4,46.00],
[8,44.26],
[86,25.74],
[10,83.25],
[8,103.70],
[3,60.08],
[9,80.90],
[3,76.89],
[6,49.26],
[3,58.41],
[4,70.10],
[4,77.20],
[-3,91.78],
[4,56.66],
[3,54.20],
[3,65.73],
[6,113.09],
[3,72.28],
[7,93.70],
[4,67.08],
[3,52.86],
[12,38.59],
[23,58.53],
[3,139.33],
[5,57.84],
[-5,63.02],
[3,76.97],
[9,44.41],
[3,62.12],
[74,59.63],
[76,139.33],
[3,101.98],
[3,67.53],
[3,63.39],
[16,34.68],
[3,48.46],
[3,88.91],
[-3,97.00],
[35,58.63],
[6,102.53],
[4,51.60],
[4,48.87],
[6,52.73],
[-7,78.25],
[4,55.71],
[4,80.58],
[56,33.53],
[4,64.71],
[3,80.20],
[55,49.12],
[4,59.09],
[4,53.19],
[3,62.86],
[4,57.18],
[3,50.05],
[4,67.41],
[3,26.58],
[3,150.38],
[3,98.31],
[4,3.35],
[-31,131.90],
[-17,35.76],
[4,76.50],
[3,54.71],
[7,39.74],
[5,63.58],
[3,54.90],
[3,61.79],
[3,77.10],
[3,69.30],
[4,78.87],
[3,76.83],
[3,73.80],
[3,95.17],
[4,59.16],
[3,73.54],
[4,111.24],
[5,68.98],
[4,58.87],
[3,74.02],
[-49,139.33],
[3,58.43],
[5,63.04],
[5,58.17],
[3,66.72],
[3,55.41],
[4,52.28],
[-4,80.31],
[3,53.70],
[3,50.33],
[3,78.33],
[19,76.50],
[10,49.48],
[4,55.43],
[9,82.79],
[4,87.95],
[6,46.10],
[4,38.77],
[3,65.75],
[4,74.52],
[19,65.94],
[5,183.83],
[22,40.29],
[8,86.71],
[69,40.75],
[4,91.72],
[3,80.47],
[5,97.70],
[5,86.82],
[-7,92.17],
[8,70.48],
[3,99.23],
[4,70.11],
[3,61.44],
[4,92.38],
[314,67.33],
[14,42.48],
[3,88.00],
[3,89.61],
[7,77.81],
[9,34.58],
[6,23.37],
[-38,88.68],
[3,51.23],
[-11,73.17],
[5,65.56],
[3,53.66],
[7,66.35],
[242,37.39],
[3,66.15],
[6,26.81],
[5,59.68],
[81,68.77],
[13,81.24],
[3,72.37],
[25,106.88],
[196,43.54],
[48,37.46],
[5,88.00],
[-9,80.92],
[5,104.06],
[-3,51.11],
[21,33.72],
[-3,47.60],
[18,95.17],
[10,82.87],
[5,55.41],
[-24,70.63],
[3,26.79],
[10,33.47],
[69,111.35],
[4,59.87],
[3,64.43],
[3,46.46],
[3,112.14],
[-9,41.41],
[6,38.98],
[8,57.44],
[30,87.95],
[4,59.68],
[-11,32.61],
[5,89.60],
[3,86.42],
[86,63.88],
[55,20.57],
[-13,48.02],
[22,89.61],
[3,81.16],
[5,90.99],
[-9,76.59],
[-3,43.96],
[27,56.47],
[3,61.78],
[6,76.61],
[3,63.50],
[8,116.65],
[3,45.16],
[5,37.46],
[14,58.38],
[4,81.65],
[8,93.70],
[3,48.53],
[4,96.86],
[15,102.05],
[3,122.15],
[36,57.22],
[3,47.83],
[13,134.83],
[111,21.89],
[9,72.54],
[-34,92.97],
[3,95.32],
[4,55.95],
[4,54.10],
[8,20.66],
[130,64.92],
[35,44.41],
[3,72.37],
[18,62.63],
[13,117.84],
[-6,113.10],
[-5,72.50],
[9,59.62],
[15,71.77],
[3,83.32],
[3,84.03],
[4,58.04],
[4,9.39],
[241,62.15],
[5,69.78],
[3,57.20],
[64,27.55],
[10,67.53],
[4,67.53],
[3,74.81],
[3,46.46],
[7,78.35],
[16,55.05],
[17,54.19],
[-6,80.11],
[30,51.17],
[10,72.81],
[30,85.89],
[8,96.02],
[-7,99.74],
[6,39.88],
[5,81.14],
[9,108.70],
[16,42.77],
[-6,40.09],
[3,81.86],
[4,47.31],
[3,54.15],
[89,40.66],
[24,72.51],
[3,55.05],
[58,44.52],
[-13,38.92],
[4,32.12],
[4,23.36],
[3,99.00],
[17,86.62],
[17,80.68],
[5,39.33],
[-52,68.43],
[4,54.73],
[17,29.98],
[14,107.60],
[64,39.73],
[7,21.29],
[223,53.31],
[-9,19.05],
[4,103.13],
[3,56.59],
[5,103.04],
[12,50.63],
[8,139.33],
[67,27.49],
[3,56.41],
[3,61.08],
[16,85.16],
[15,41.70],
[10,74.40],
[-4,107.91],
[3,30.69],
[3,79.09],
[-3,62.96],
[15,50.59],
[8,49.89],
[4,75.12],
[3,92.06],
[4,99.53],
[3,57.53],
[3,149.90],
[7,82.72],
[5,54.33],
[28,49.48],
[4,83.32],
[3,78.81],
[4,57.31],
[-6,45.26],
[-7,139.33],
[4,67.53],
[24,71.45],
[-8,75.46],
[27,37.46],
[7,49.48],
[-9,96.93],
[13,56.25],
[20,61.06],
[11,69.79],
[-4,93.63],
[8,43.14],
[5,93.58],
[5,42.67],
[5,78.82],
[3,42.34],
[5,139.30],
[-3,64.63],
[13,47.81],
[6,50.67],
[9,66.10],
[13,69.11],
[7,86.97],
[6,106.90],
[-5,52.99],
[3,115.64],
[9,86.93],
[4,60.83],
[-14,139.33],
[4,27.49],
[15,49.19],
[3,73.75],
[3,34.04],
[6,95.69],
[5,60.74],
[-3,2.53],
[3,49.48],
[3,52.58],
[3,17.80],
[4,47.19],
[-7,71.62],
[5,32.77],
[3,95.00],
[3,73.17],
[808,32.07],
[187,60.51],
[669,21.43],
[1120,76.50],
[256,34.61],
[345,117.67],
[52,41.59],
[32,131.90],
[628,89.61],
[20,80.44],
[11,62.83],
[9,79.94],
[41,40.68],
[25,29.88],
[77,69.78],
[165,65.75],
[22,82.04],
[6,39.32],
[14,55.40],
[4,103.34],
[6,5.03],
[5,73.25],
[20,40.42],
[13,73.93],
[9,35.03],
[10,95.08],
[4,27.82],
[127,56.70],
[43,74.81],
[12,73.17],
[4,92.97],
[11,108.27],
[5,118.85],
[7,72.49],
[8,78.37],
[4,96.86],
[5,63.74],
[7,39.45],
[8,80.78],
[4,87.68],
[4,106.90],
[3,95.17],
[3,84.92],
[3,58.06],
[3,47.04],
[10,22.12],
[5,67.88],
[3,109.13],
[-12,96.02],
[3,39.91],
[3,95.73],
[3,37.46],
[-6,39.42],
[-10,54.70],
[-7,63.49],
[-8,31.37],
[-5,159.46],
[-8,23.34],
[-5,139.33],
[-6,83.10],
[-12,61.32],
[-22,59.08],
[-12,139.33],
[-7,69.79],
[-3,73.17],
[-4,94.78],
[-5,55.22],
[-5,90.05],
[-4,57.23],
[-3,122.15],
[-4,95.42],
[-5,119.19],
[-7,103.04],
[-3,80.07],
[-9,0.01],
[-5,89.93],
[-5,102.53],
[-8,84.90],
[922,65.56],
[246,21.66],
[12,77.68],
[148,53.71],
[40,72.67],
[18,76.03],
[317,42.97],
[4,87.87],
[12,64.72],
[12,55.88],
[6,49.87],
[19,55.35],
[3,76.97],
[15,65.73],
[7,51.31],
[4,67.53],
[8,80.20],
[5,80.78],
[6,67.88],
[3,95.69],
[-4,76.80],
[-4,34.45],
[-5,71.58],
[-4,46.52],
[-3,82.39],
[-13,52.45],
[-5,65.10],
[2739,66.42],
[732,78.81],
[251,55.84],
[554,89.52],
[248,43.28],
[877,58.08],
[35,135.27],
[31,71.29],
[160,64.77],
[95,103.04],
[1115,45.09],
[18,41.02],
[52,90.99],
[13,99.23],
[13,59.15],
[115,28.02],
[9,72.62],
[9,52.00],
[8,78.81],
[30,73.56],
[7,48.55],
[8,72.11],
[7,42.72],
[7,116.15],
[13,103.04],
[18,59.75],
[6,56.18],
[6,38.17],
[15,75.88],
[15,54.45],
[5,73.25],
[6,49.87],
[5,92.38],
[5,58.80],
[5,61.40],
[5,55.58],
[6,56.96],
[5,44.56],
[10,63.84],
[4,77.40],
[4,55.19],
[5,29.58],
[4,56.25],
[4,84.90],
[4,59.02],
[4,64.80],
[4,86.71],
[4,61.33],
[4,74.81],
[4,40.52],
[6,52.87],
[6,81.86],
[3,72.51],
[4,117.67],
[3,71.29],
[3,88.71],
[4,56.25],
[3,33.47],
[3,93.47],
[3,76.98],
[3,51.18],
[3,54.73],
[4,88.68],
[3,103.04],
[3,53.72],
[5,56.43],
[5,78.20],
[6,56.11],
[6,63.71],
[7,66.33],
[3,61.05],
[3,54.38],
[3,44.68],
[3,59.17],
[3,63.10],
[3,73.17],
[3,103.70],
[3,70.67],
[4,102.62],
[3,60.71],
[3,76.97],
[25,71.86],
[97,63.31],
[17,73.15],
[42,108.14],
[15,22.41],
[3,56.28],
[6,57.71],
[4,37.22],
[3,59.21],
[3,44.58],
[3836,76.97],
[716,75.14],
[2182,64.71],
[1719,102.62],
[438,111.75],
[768,77.53],
[510,90.32],
[96,87.86],
[268,89.75],
[72,60.77],
[177,91.82],
[215,127.07],
[113,144.35],
[567,69.61],
[45,109.09],
[39,84.59],
[71,98.68],
[156,68.16],
[156,76.59],
[50,102.05],
[26,113.35],
[16,95.69],
[32,55.18],
[27,103.65],
[27,84.15],
[14,73.80],
[50,74.31],
[11,103.38],
[21,57.14],
[29,116.65],
[9,108.96],
[8,137.47],
[9,74.44],
[31,76.48],
[19,80.78],
[8,95.69],
[15,75.21],
[8,42.73],
[8,50.97],
[12,171.55],
[6,68.77],
[6,117.16],
[7,112.09],
[5,86.86],
[5,92.21],
[5,87.95],
[5,89.90],
[4,78.37],
[6,109.09],
[5,132.03],
[16,97.34],
[8,89.47],
[4,118.76],
[4,57.61],
[4,50.48],
[4,87.75],
[4,82.39],
[3,103.04],
[3,60.19],
[4,95.38],
[3,51.16],
[3,103.04],
[3,81.24],
[3,73.04],
[3,85.89],
[3,114.12],
[3,68.08],
[3,101.27],
[3,107.60],
[4,63.86],
[3,103.70],
[4,62.59],
[3,73.17],
[3,108.27],
[5,78.20],
[8,107.60],
[4,110.06],
[4,56.69],
[3,68.96],
[3,80.33],
[3,68.07],
[3,103.69],
[3,93.70],
[3,70.67],
[3,73.17],
[3,95.46],
[3,100.24],
[3,48.91],
[3,64.62],
[4,74.96],
[3,107.60],
[4,90.09],
[3,56.99],
[3,67.76],
[117,82.35],
[11,44.93],
[10,57.18],
[9,83.32],
[22,97.70],
[64,90.09],
[6,43.99],
[7,128.75],
[6,114.12],
[29,109.09],
[5,53.97],
[4,112.09],
[-13,70.29],
[-5,96.49],
[-4,134.81],
[-8,58.74],
[-3,55.53],
[61,69.79],
[7,73.53],
[13,78.77],
[5,61.33],
[4,60.77],
[6,52.87],
[-12,94.51],
[210,105.41],
[110,104.06],
[70,42.22],
[117,66.53],
[7,63.81],
[7,58.42],
[6,36.63],
[19,87.30],
[3,67.33],
[3,127.22],
[4,71.97],
[12,50.24],
[14,117.16],
[3,89.86],
[9,76.73],
[-4,80.33],
[-22,78.87],
[48,149.90],
[126,46.61],
[24,53.66],
[42,55.99],
[19,37.13],
[86,87.68],
[18,55.41],
[22,108.03],
[13,51.96],
[62,85.94],
[4,57.15],
[6,44.58],
[7,98.68],
[3,38.77],
[-14,63.19],
[102,12.92],
[34,111.75],
[52,108.98],
[7,70.85],
[12,86.71],
[15,80.25],
[4,71.06],
[6,119.19],
[7,107.55],
[4,84.90],
[3,96.02],
[-9,57.21],
[-15,68.38],
[-15,64.92],
[24,85.89],
[21,85.86],
[14,86.41],
[6,100.57],
[-20,85.88],
[-40,54.90],
[-21,25.99],
[249,85.44],
[36,128.95],
[11,98.97],
[8,85.38],
[42,81.37],
[52,84.18],
[25,64.67],
[7,77.69],
[14,75.50],
[4,51.23],
[3,108.98],
[4,52.01],
[4,110.51],
[-3,90.09],
[-6,125.90],
[72,53.12],
[74,88.59],
[36,66.14],
[10,70.03],
[78,52.58],
[5,89.60],
[3,127.07],
[6,72.84],
[4,135.27],
[3,45.25],
[3,41.79],
[3,83.01],
[-5,65.28],
[-5,103.38],
[-18,46.73],
[-5,29.49],
[60,47.83],
[45,44.68],
[25,53.66],
[4,40.18],
[10,134.08],
[3,39.53],
[4,94.30],
[3,33.74],
[3,108.70],
[-5,32.93],
[-6,49.15],
[-5,41.17],
[455,44.40],
[659,78.25],
[96,60.58],
[229,69.46],
[37,41.19],
[16,42.62],
[20,101.98],
[11,73.78],
[16,76.12],
[17,94.30],
[13,63.76],
[12,67.22],
[5,67.49],
[3,42.47],
[5,64.92],
[4,56.13],
[-4,80.78],
[-13,116.15],
[25,72.85],
[11,46.18],
[35,20.31],
[6,42.72],
[28,79.94],
[6,56.61],
[8,18.01],
[7,112.09],
[3,134.08],
[-6,44.83],
[-4,74.66],
[-7,93.58],
[18,136.47],
[29,39.24],
[7,57.10],
[49,54.63],
[21,69.85],
[5,57.68],
[7,31.54],
[7,104.48],
[5,106.53],
[3,64.83],
[-4,70.69],
[-30,80.20],
[128,66.21],
[68,69.63],
[41,80.19],
[13,65.23],
[9,110.06],
[32,45.05],
[5,29.87],
[50,102.85],
[28,53.39],
[16,49.61],
[7,136.47],
[13,60.05],
[11,103.62],
[3,72.52],
[11,139.33],
[-7,76.50],
[-3,139.33],
[-8,139.33],
[-16,139.33],
[-3,86.70],
[-5,139.33],
[181,45.43],
[82,108.27],
[104,62.45],
[41,47.14],
[9,108.98],
[9,67.53],
[4,49.44],
[3,64.85],
[3,122.50],
[3,60.88],
[9,43.14],
[12,80.79],
[3,15.52],
[5,93.33],
[5,69.15],
[6,85.02],
[-8,58.36],
[-8,39.32],
[-5,61.05],
[-18,98.25],
[-8,-8.53],
[25,94.30],
[23,-1.54],
[9,0.98],
[8,-5.84],
[22,63.46],
[7,27.53],
[6,68.04],
[14,136.47],
[4,89.61],
[5,88.96],
[3,117.67],
[13,81.63],
[8,57.23],
[6,59.64],
[-15,54.43],
[16,109.04],
[4,98.25],
[3,92.97],
[-13,87.41],
[44,65.73],
[36,88.71],
[12,70.57],
[7,50.71],
[7,103.38],
[5,70.93],
[4,74.27],
[6,118.68],
[3,93.58],
[-5,74.04],
[-8,84.15],
[68,8.88],
[36,42.37],
[23,90.96],
[12,80.20],
[16,103.65],
[9,95.87],
[6,69.69],
[-7,56.52],
[65,69.65],
[7,30.14],
[5,83.38],
[5,73.73],
[3,80.19],
[3,86.45],
[-3,74.86],
[-7,140.68],
[16,47.83],
[16,42.71],
[9,91.17],
[4,53.97],
[8,85.39],
[3,55.59],
[25,118.68],
[16,102.62],
[12,98.31],
[6,100.00],
[6,98.00],
[3,61.67],
[4,99.40],
[4,69.99],
[38,62.26],
[39,109.10],
[65,50.26],
[16,39.33],
[3,67.53],
[3,66.42],
[4,103.04],
[3,66.10],
[3,64.02],
[3,94.30],
[-8,10.57],
[4,48.85],
[30,70.46],
[8,98.68],
[7,74.27],
[29,53.57],
[4,39.30],
[5,27.86],
[-9,74.86],
],

