[[6,82.94],
[-3,38.23],
[5,80.53],
[88,99.60],
[4,89.42],
[7,82.48],
[49,118.76],
[5,55.69],
[52,100.39],
[3,81.71],
[7,151.39],
[5,75.95],
[36,61.74],
[5,96.11],
[6,142.85],
[9,94.51],
[19,121.17],
[3,62.76],
[3,95.67],
[3,57.10],
[43,59.75],
[11,87.95],
[8,158.44],
[5,156.42],
[3,57.23],
[40,83.01],
[4,142.85],
[5,43.96],
[4,79.53],
[-3,139.33],
[5,124.69],
[29,95.70],
[7,137.47],
[39,103.38],
[10,135.27],
[27,64.42],
[21,56.64],
[16,108.14],
[3,74.52],
[3,138.14],
[-5,16.95],
[3,124.69],
[3,91.74],
[7,61.05],
[6,98.25],
[6,55.94],
[4,110.06],
[7,55.78],
[4,86.62],
[6,49.04],
[5,79.09],
[12,100.39],
[4,94.60],
[3,90.96],
[4,93.58],
[5,67.11],
[11,72.89],
[4,112.65],
[12,60.31],
[15,59.75],
[4,58.43],
[5,51.71],
[3,55.89],
[5,60.36],
[6,139.30],
[5,83.32],
[6,112.09],
[6,-1.31],
[4,59.41],
[7,71.19],
[8,79.09],
[5,62.96],
[3,59.09],
[3,85.07],
[57,139.33],
[3,119.70],
[3,54.80],
[3,70.51],
[3,59.05],
[4,92.06],
[-3,102.05],
[5,63.93],
[3,167.03],
[4,77.10],
[17,60.93],
[3,90.23],
[3,134.31],
[-4,139.33],
[3,120.55],
[3,117.41],
[5,53.72],
[4,75.42],
[6,50.33],
[-5,81.78],
[6,88.73],
[-5,52.80],
[14,103.70],
[4,81.79],
[3,62.79],
[-3,151.39],
[32,160.48],
[5,151.93],
[67,151.00],
[3,134.81],
[58,40.31],
[6,141.30],
[20,102.39],
[3,107.07],
[3,117.16],
[16,75.43],
[26,70.07],
[4,161.49],
[4,117.16],
[9,88.96],
[3,89.98],
[3,158.44],
[5,125.62],
[6,47.37],
[3,92.65],
[3,75.34],
[7,90.05],
[6,42.33],
[3,88.40],
[7,111.53],
[3,102.05],
[6,49.52],
[4,83.38],
[4,75.50],
[9,75.43],
[3,95.67],
[5,58.43],
[5,37.00],
[18,58.59],
[11,88.71],
[6,169.50],
[3,68.82],
[3,85.89],
[3,139.30],
[4,89.52],
[3,76.14],
[7,95.46],
[4,68.62],
[8,60.71],
[3,74.24],
[3,71.70],
[4,105.70],
[6,81.42],
[4,77.81],
[3,44.27],
[5,36.45],
[3,67.26],
[3,23.27],
[4,94.30],
[4,71.47],
[5,98.00],
[6,66.10],
[3,68.07],
[3,59.62],
[3,92.06],
[3,45.87],
[6,82.05],
[9,103.34],
[3,81.84],
[-5,139.33],
[3,23.10],
[3,75.50],
[4,49.54],
[15,62.71],
[3,62.71],
[3,83.85],
[4,61.45],
[3,102.78],
[-10,124.69],
[3,108.96],
[3,83.36],
[-5,92.65],
[7,47.21],
[5,151.25],
[10,151.39],
[20,119.87],
[8,135.27],
[12,48.66],
[5,47.60],
[24,111.07],
[13,97.34],
[67,92.97],
[3,88.00],
[21,160.48],
[4,148.41],
[5,73.13],
[5,77.74],
[42,55.27],
[10,63.86],
[3,151.00],
[-23,139.33],
[121,53.55],
[8,112.79],
[6,58.84],
[4,81.51],
[5,96.88],
[7,81.94],
[3,46.47],
[4,90.09],
[3,118.18],
[4,116.65],
[4,95.00],
[5,65.17],
[3,104.98],
[7,107.01],
[5,78.77],
[6,108.96],
[10,103.65],
[4,89.09],
[5,90.38],
[4,71.69],
[21,78.20],
[4,61.97],
[3,89.16],
[9,73.15],
[4,45.51],
[8,71.38],
[3,89.09],
[5,80.98],
[3,117.50],
[3,89.52],
[3,125.62],
[15,92.43],
[-3,139.33],
[4,42.71],
[3,100.24],
[17,116.15],
[8,61.88],
[-8,139.33],
[5,76.55],
[6,106.07],
[3,103.01],
[3,26.90],
[5,70.67],
[-5,82.40],
[4,118.68],
[3,74.02],
[3,84.45],
[6,74.38],
[4,64.92],
[6,90.09],
[3,56.48],
[4,84.15],
[4,96.49],
[251,75.07],
[251,101.37],
[50,87.81],
[47,59.28],
[34,120.71],
[78,109.04],
[70,111.24],
[36,109.04],
[20,80.73],
[15,63.39],
[11,107.60],
[21,78.59],
[10,107.60],
[12,66.07],
[8,89.60],
[8,91.84],
[7,108.96],
[7,92.06],
[6,80.50],
[16,108.70],
[18,139.33],
[4,96.11],
[3,72.32],
[4,92.55],
[3,102.53],
[3,98.02],
[3,101.98],
[3,84.18],
[6,88.00],
[4,114.62],
[4,70.05],
[3,73.78],
[3,108.96],
[3,138.00],
[3,78.87],
[-8,53.26],
[-6,40.36],
[-5,85.89],
[-5,71.90],
[-13,34.59],
[-8,120.55],
[-4,101.98],
[-14,109.04],
[-6,92.17],
[-21,139.33],
[-24,139.33],
[12,70.67],
[9,103.70],
[7,54.70],
[6,80.78],
[3,160.48],
[3,126.20],
[3,43.65],
[3,99.23],
[3,136.47],
[-4,115.64],
[24,160.48],
[13,83.38],
[9,75.12],
[7,80.31],
[8,127.22],
[4,78.67],
[4,134.81],
[3,65.57],
[3,181.62],
[3,128.56],
[5,132.54],
[83,72.18],
[11,56.70],
[8,78.46],
[6,36.31],
[3,74.65],
[3,57.94],
[3,55.96],
[3,66.82],
[-4,46.82],
[38,57.54],
[17,85.74],
[19,79.09],
[5,120.55],
[4,59.16],
[4,107.01],
[4,97.14],
[3,92.34],
[3,136.47],
[9,88.00],
[7,63.95],
[3,129.00],
[3,55.40],
[13,69.11],
[11,122.50],
[8,134.08],
[4,100.24],
[3,102.05],
[12,50.24],
[4,115.13],
[5,44.35],
[3,68.79],
[3,120.55],
[9,91.84],
[6,57.48],
[7,76.97],
[3,72.32],
[4,48.64],
[4,86.71],
[3,116.15],
[3,114.92],
[5,98.87],
[4,54.70],
[4,132.54],
[3,118.18],
[3,40.79],
[6,63.94],
[4,63.61],
[6,103.70],
[5,80.06],
[3,72.07],
[4,72.54],
[3,187.38],
[3,83.32],
],

