["Score", "Readability"],
[5,111.75],
[11,99.00],
[12,120.21],
[106,83.01],
[274,60.71],
[-5,53.61],
[53,103.38],
[4,71.29],
[5,67.24],
[38,170.46],
[110,127.22],
[36,59.63],
[13,68.82],
[36,64.92],
[4,91.78],
[7,99.40],
[2129,70.93],
[3,107.01],
[11,96.06],
[188,54.03],
[12,55.40],
[34,102.05],
[106,80.29],
[3,139.33],
[-7,75.12],
[13,120.55],
[981,57.56],
[90,57.23],
[24,82.55],
[375,76.59],
[3,40.86],
[12,156.42],
[6,117.16],
[153,56.30],
[19,103.70],
[80,46.53],
[6,108.40],
[-5,51.06],
[3,63.86],
[5,88.06],
[4,76.03],
[-12,67.80],
[53,78.87],
[8,124.34],
[75,61.94],
[10,67.33],
[3,40.49],
[6,86.42],
[44,84.90],
[6,64.63],
[19,87.41],
[55,81.65],
[5,141.36],
[40,80.07],
[-11,66.72],
[3,172.55],
[6,56.65],
[3,36.04],
[11,71.70],
[357,57.23],
[10,66.10],
[324,59.08],
[30,89.52],
[9,101.27],
[-5,57.66],
[11,102.78],
[6,41.85],
[27,26.95],
[10,112.09],
[70,68.30],
[3,60.06],
[4,93.47],
[3,170.46],
[4,78.25],
[41,72.62],
[4,50.59],
[9,50.26],
[4,84.45],
[5,23.25],
[18,58.71],
[166,63.63],
[6,51.71],
[3,41.89],
[23,63.84],
[12,70.80],
[4,131.90],
[6,54.88],
[87,49.62],
[3,60.74],
[3,65.73],
[20,74.35],
[5,80.31],
[3,66.68],
[4,46.80],
[5,48.91],
[26,83.95],
[7,116.15],
[3,47.12],
[28,71.28],
[3,80.50],
[23,103.62],
[9,108.95],
[4,45.58],
[8,138.14],
[24,128.75],
[11,85.03],
[3,65.27],
[3,82.39],
[6,102.62],
[6,103.04],
[13,54.62],
[3,60.43],
[5,76.50],
[3,67.88],
[4,14.88],
[3,35.10],
[13,85.03],
[4,50.67],
[32,103.54],
[4,71.82],
[3,78.20],
[6,98.87],
[-11,75.34],
[4,33.98],
[3,103.62],
[3,70.58],
[3,100.96],
[3,77.20],
[4,93.47],
[3,100.00],
[3,102.05],
[3,35.55],
[14,48.08],
[4,29.83],
[6,59.21],
[18,52.50],
[7,98.54],
[4,68.83],
[4,96.02],
[4,11.12],
[3,74.86],
[5,53.97],
[3,80.68],
[3,38.84],
[8,31.55],
[5,68.56],
[4,107.86],
[-9,144.35],
[11,77.10],
[6,134.81],
[4,83.29],
[4,49.28],
[5,43.11],
[3,85.01],
[4,68.94],
[3,109.09],
[5,102.05],
[4,58.87],
[15,62.10],
[44,62.27],
[3,52.70],
[9,61.32],
[4,139.33],
[481,42.55],
[3,73.17],
[3,40.49],
[4,80.89],
[23,53.97],
[7,-1.50],
[9,93.78],
[18,68.98],
[3,30.71],
[124,69.68],
[-5,94.78],
[6,170.46],
[296,113.37],
[201,45.98],
[3,70.93],
[107,79.09],
[17,103.04],
[6,88.73],
[5,151.00],
[84,129.00],
[15,79.89],
[7,80.78],
[4,115.13],
[3,42.67],
[73,97.70],
[5,69.78],
[6,77.58],
[3,88.82],
[15,85.10],
[5,52.65],
[5,130.77],
[4,60.83],
[5,80.31],
[3,96.76],
[420,80.20],
[3,52.31],
[5,111.71],
[3,107.15],
[30,43.11],
[4,55.45],
[9,87.12],
[3,70.09],
[5,70.46],
[3,111.31],
[4,74.34],
[4,100.24],
[4,69.79],
[5,83.32],
[-3,58.34],
[3,63.58],
[8,83.12],
[11,7.41],
[17,78.25],
[3,101.27],
[136,54.71],
[4,139.33],
[1011,43.45],
[43,38.49],
[96,78.71],
[5,160.48],
[9,90.33],
[14,131.90],
[37,45.58],
[244,84.59],
[28,139.33],
[12,120.55],
[-16,37.90],
[218,53.34],
[13,139.33],
[20,85.03],
[6,88.91],
[682,42.84],
[4,139.33],
[18,161.49],
[11,81.07],
[5,87.95],
[5,53.34],
[-14,102.05],
[16,91.78],
[18,139.33],
[22,80.90],
[6,74.35],
[62,68.82],
[8,139.33],
[-8,50.35],
[30,48.68],
[3,120.21],
[82,84.68],
[7,113.10],
[10,91.47],
[-7,60.90],
[45,62.85],
[3,115.13],
[3,45.09],
[37,73.17],
[6,139.33],
[4,103.04],
[16,66.74],
[3,108.96],
[14,202.78],
[14,57.97],
[5,130.77],
[4,78.25],
[3,73.95],
[7,151.39],
[8,53.12],
[25,89.60],
[3,139.33],
[9,73.36],
[20,66.97],
[5,139.33],
[3,72.99],
[4,139.33],
[24,58.73],
[-6,83.32],
[5,67.04],
[6,89.09],
[7,139.33],
[3,61.05],
[3,67.59],
[4,73.54],
[6,63.58],
[7,95.95],
[4,52.49],
[53,73.76],
[3,50.67],
[10,83.32],
[5,83.01],
[13,29.02],
[4,52.50],
[-5,31.87],
[3,124.16],
[4,52.70],
[4,84.42],
[-5,47.30],
[3,144.35],
[3,145.93],
[10,60.97],
[4,81.86],
[-4,103.04],
[5,59.06],
[3,62.44],
[5,23.63],
[8,103.34],
[3,58.41],
[-3,118.18],
[3,59.75],
[3,71.72],
[4,46.76],
[-3,19.82],
[7,72.52],
[3,62.79],
[177,45.65],
[30,103.62],
[-7,53.12],
[40,97.00],
[-3,76.34],
[5,120.21],
[3,70.49],
[3,76.27],
[3,84.15],
[445,73.17],
[11,89.61],
[196,84.45],
[4,43.72],
[9,104.98],
[17,69.78],
[24,58.87],
[13,103.38],
[70,78.89],
[22,82.90],
[10,60.63],
[4,64.47],
[6,82.93],
[3,92.06],
[4,88.00],
[122,72.85],
[5,48.90],
[6,84.15],
[3,90.05],
[-6,63.02],
[24,66.88],
[3,85.16],
[16,48.78],
[250,22.30],
[18,101.27],
[1295,64.15],
[8,78.25],
[4,71.04],
[46,151.93],
[3,135.27],
[4,117.11],
[14,158.44],
[34,43.38],
[4,63.58],
[5,56.97],
[8,65.69],
[7,141.36],
[75,35.90],
[6,46.64],
[7,63.19],
[-7,102.45],
[28,59.75],
[19,90.09],
[12,38.20],
[14,43.06],
[-10,73.17],
[8,114.12],
[5,142.85],
[28,87.10],
[74,66.40],
[46,50.93],
[-3,101.51],
[8,39.12],
[-6,36.27],
[9,74.86],
[22,93.70],
[249,78.87],
[19,46.26],
[87,29.00],
[4,68.82],
[36,59.14],
[30,40.42],
[5,131.90],
[200,68.83],
[24,59.64],
[20,99.23],
[56,58.41],
[17,124.69],
[27,95.17],
[6,90.23],
[12,35.66],
[22,52.78],
[13,66.79],
[11,65.75],
[7,85.89],
[3,65.94],
[16,122.50],
[7,76.67],
[288,79.58],
[121,81.14],
[3,71.70],
[3,61.45],
[15,26.45],
[3,74.86],
[12,27.69],
[476,72.62],
[3,35.61],
[6,73.17],
[14,-6.75],
[7,117.11],
[-8,68.94],
[9,74.60],
[31,47.67],
[-9,81.56],
[10,17.75],
[3,51.87],
[4,122.50],
[3,79.94],
[4,50.98],
[9,66.10],
[-6,142.85],
[10,67.80],
[3,75.50],
[7,139.33],
[3,79.76],
[-10,100.39],
[9,144.35],
[4,66.83],
[33,29.05],
[10,44.97],
[20,49.43],
[3,56.25],
[14,71.07],
[11,57.58],
[3,67.53],
[24,63.23],
[8,121.17],
[6,90.99],
[3,82.48],
[5,101.98],
[3,8.31],
[3,116.15],
[5,60.03],
[5,56.25],
[3,52.69],
[3,86.71],
[7,46.00],
[4,57.23],
[3,71.72],
[14,14.68],
[4,71.82],
[8,57.10],
[3,106.75],
[6,68.94],
[4,52.12],
[-12,12.52],
[9,20.80],
[3,34.47],
[4,63.84],
[8,54.93],
[3,27.30],
[4,108.63],
[5,29.10],
[7,58.66],
[3,95.95],
[5,95.69],
[3,85.43],
[3,60.25],
[3,34.93],
[3,67.18],
],
