["Score", "Readability"],
[11,109.79],
[18,98.68],
[3,87.68],
[44,103.65],
[151,139.33],
[12,60.75],
[-6,75.42],
[270,63.39],
[146,75.99],
[11,92.97],
[5,114.12],
[6,139.30],
[-11,122.50],
[8,93.70],
[34,132.03],
[6,122.50],
[65,90.13],
[181,27.69],
[4,74.52],
[-3,76.59],
[-4,124.69],
[13,70.54],
[-3,111.07],
[-6,83.75],
[9,97.03],
[4,139.73],
[4,102.05],
[19,59.14],
[3,76.78],
[4,102.27],
[17,99.40],
[15,123.20],
[3,116.15],
[6,92.06],
[38,66.58],
[-9,94.51],
[4,78.87],
[5,114.12],
[3,181.62],
[6,103.04],
[9,84.90],
[453,83.38],
[3,103.62],
[13,99.37],
[5,53.15],
[3,139.33],
[11,72.83],
[4,60.03],
[6,82.90],
[3,78.77],
[6,31.44],
[3,61.89],
[5,78.87],
[27,82.48],
[7,127.22],
[14,109.09],
[-5,109.13],
[-3,84.20],
[8,98.00],
[6,56.97],
[4,69.23],
[3,133.51],
[3,101.69],
[9,153.54],
[55,27.84],
[8,119.44],
[28,111.75],
[3,126.45],
[6,27.65],
[4,135.27],
[3,147.39],
[13,80.47],
[71,124.16],
[206,84.90],
[7,118.18],
[3,128.59],
[3,100.24],
[3,94.30],
[3,84.90],
[5,110.06],
[3,89.03],
[3,78.87],
[4,91.60],
[19,59.18],
[7,97.34],
[47,82.43],
[4,153.54],
[10,91.54],
[3,91.78],
[4,122.90],
[449,45.51],
[4,131.21],
[29,119.53],
[66,61.24],
[161,70.34],
[4,75.32],
[66,93.92],
[3,82.53],
[17,97.03],
[199,87.87],
[3,75.88],
[111,49.00],
[5,103.67],
[4,108.40],
[88,103.62],
[4,105.46],
[9,144.35],
[5,51.71],
[10,53.86],
[8,85.07],
[30,76.67],
[3,69.14],
[17,15.79],
[3,93.70],
[3,119.19],
[9,21.10],
[16,48.24],
[4,102.53],
[3,114.12],
[3,107.01],
[20,32.71],
[3,111.07],
[3,130.77],
[3,114.12],
[3,114.12],
[34,75.88],
[3,82.48],
[20,144.35],
[3,126.20],
[3,103.62],
[3,91.66],
[11,66.40],
[4,92.97],
[3,74.79],
[3,108.98],
[12,96.11],
[5,82.39],
[10,137.36],
[3,135.63],
[4,160.48],
[3,12.16],
[3,115.13],
[18,105.41],
[56,92.59],
[-22,139.33],
[3,161.49],
[30,135.27],
[45,92.63],
[3,80.90],
[4,87.06],
[84,80.90],
[9,101.93],
[32,130.25],
[4,151.00],
[20,131.54],
[15,64.40],
[4,91.72],
[11,157.07],
[5,156.42],
[22,110.39],
[4,124.69],
[4,71.82],
[10,107.60],
[7,55.10],
[29,109.09],
[-8,63.02],
[4,145.84],
[-15,80.90],
[-24,98.87],
[13,106.60],
[-12,95.69],
[9,158.44],
[6,57.07],
[4,114.12],
[22,142.54],
[4,134.08],
[6,39.47],
[10,82.48],
[-19,76.69],
[-28,43.96],
[28,201.76],
[4,79.35],
[3,117.16],
[3,91.78],
[8,114.12],
[15,98.22],
[-17,90.86],
[10,184.84],
[9,100.00],
[-8,117.11],
[9,136.47],
[-6,87.19],
[16,90.96],
[3,70.34],
[3,102.85],
[3,115.13],
[4,81.63],
[4,47.96],
[3,93.58],
[9,84.84],
[-12,108.83],
[-11,137.47],
[16,95.42],
[4,86.42],
[-10,151.39],
[26,90.66],
[-6,72.47],
[5,127.07],
[-4,139.33],
[5,92.06],
[91,54.73],
[-7,160.48],
[-8,163.47],
[8,101.98],
[-10,74.81],
[-11,108.27],
[-3,67.72],
[3,87.95],
[3,118.76],
[-4,100.83],
[-7,144.35],
[9,29.47],
[3,103.04],
[3,110.06],
[16,84.81],
[4,97.03],
[6,92.21],
[3,71.82],
[3,118.68],
[3,116.65],
[3,74.81],
[3,58.48],
[3,135.27],
[7,119.19],
[3,57.94],
[30,66.79],
[13,72.46],
[5,84.92],
[114,80.20],
[-9,79.51],
[4,58.55],
[-3,114.12],
[4,124.69],
[11,89.09],
[12,103.54],
[308,111.13],
[496,101.27],
[63,93.47],
[52,107.60],
[285,109.79],
[40,82.81],
[6,97.03],
[14,181.62],
[237,132.03],
[22,82.39],
[4,147.39],
[12,86.26],
[4,84.90],
[36,139.33],
[-12,92.97],
[19,29.52],
[29,151.39],
[10,108.27],
[3,67.67],
[26,83.01],
[-4,69.16],
[4,103.04],
[5,124.69],
[5,46.94],
[4,113.10],
[-11,111.07],
[3,54.49],
[4,104.08],
[4,85.10],
[4,95.00],
[7,106.00],
[22,70.14],
[57,118.68],
[4,111.46],
[18,108.27],
[15,107.60],
[14,113.10],
[10,93.47],
[3,115.13],
[44,76.59],
[10,78.66],
[6,66.80],
[4,103.65],
[76,61.38],
[21,48.42],
[-3,89.44],
[24,79.33],
[-5,74.50],
[3,97.00],
[3,78.77],
[3,56.70],
[5,60.71],
[-3,72.33],
[11,80.31],
[-3,72.35],
[4,71.07],
[7,137.30],
[4,83.89],
[3,97.03],
[-3,81.63],
[3,118.68],
[13,117.11],
[4,114.12],
[12,130.77],
[19,26.53],
[3,36.94],
[17,84.52],
[11,66.40],
[4,160.48],
[6,125.62],
[10,103.01],
[5,9.48],
[3,68.09],
[5,77.50],
[7,102.45],
[4,62.82],
[3,71.32],
[3,83.10],
[10,118.29],
[-4,95.42],
[6,114.12],
[3,82.48],
[4,36.29],
[7,48.92],
[4,107.60],
[3,103.65],
[4,63.95],
[-7,60.49],
[3,95.17],
[3,113.16],
[-7,86.62],
[5,74.66],
[6,134.08],
[44,122.50],
[-3,116.15],
[-27,93.70],
[7,81.63],
[8,116.82],
[5,117.84],
[-14,77.20],
[4,139.30],
[4,139.30],
[8,85.89],
[-16,70.67],
[5,158.44],
[5,56.77],
[4,18.89],
[4,105.88],
[3,112.72],
[3,89.44],
[-5,122.50],
[3,99.06],
[-3,110.06],
[-3,99.40],
[657,114.07],
[478,158.44],
[107,41.12],
[766,88.93],
[88,95.17],
[730,158.44],
[40,103.34],
[99,79.94],
[134,59.83],
[1128,77.91],
[173,87.95],
[12,124.78],
[62,28.23],
[9,88.48],
[17,81.86],
[13,46.26],
[8,80.33],
[7,124.69],
[42,37.95],
[26,94.32],
[13,127.22],
[6,90.96],
[20,96.02],
[5,95.46],
[4,95.00],
[42,63.61],
[12,90.99],
[18,114.12],
[4,127.22],
[4,104.08],
[3,103.70],
[6,78.11],
[5,92.65],
[26,45.65],
[3,130.25],
[5,107.86],
[14,80.20],
[3,97.34],
[3,98.50],
[3,127.22],
[3,25.85],
[3,116.15],
[3,83.75],
[3,144.35],
[3,93.58],
[3,37.37],
[3,117.16],
[3,71.82],
[3,127.22],
[3,100.24],
[3,24.40],
[3,-6.36],
[3,80.68],
[9,139.33],
[5,107.91],
[3,85.07],
[3,84.90],
[5,102.05],
[4,69.23],
[3,45.37],
[3,79.03],
[3,89.44],
[3,62.17],
[35,84.03],
[46,94.60],
[16,145.84],
[10,76.56],
[11,84.92],
[8,139.73],
[5,116.15],
[6,111.52],
[4,102.05],
[4,92.06],
[11,63.30],
[3,72.62],
[3,127.22],
[3,97.00],
[3,56.80],
[-16,80.69],
[-11,139.30],
[-5,144.35],
[26,81.42],
[9,95.17],
[15,135.27],
[3,88.73],
[4,94.30],
[3,103.04],
[17,111.07],
[5,117.16],
[3,92.97],
[-6,76.55],
[6,162.50],
[4,61.18],
[5,95.69],
[9,70.67],
[3,78.81],
[6,117.11],
[8,76.03],
[3,109.13],
[3,116.65],
[3,108.96],
[4,39.21],
[5,67.76],
[4,95.17],
[3,67.41],
[3,36.37],
[3,109.04],
[8,103.34],
[3,113.10],
[-3,69.16],
[3,130.25],
[1677,87.95],
[301,95.17],
[236,108.98],
[56,48.87],
[120,130.77],
[229,68.98],
[55,100.07],
[18,95.95],
[370,60.03],
[15,97.00],
[22,99.06],
[9,73.48],
[26,86.45],
[25,119.70],
[7,84.84],
[5,53.12],
[6,68.16],
[6,149.56],
[13,131.90],
[30,115.13],
[5,98.38],
[4,115.13],
[5,141.30],
[5,107.60],
[5,57.77],
[13,130.77],
[13,88.00],
[8,87.75],
[11,39.49],
[25,120.00],
[4,130.77],
[4,85.57],
[4,96.01],
[4,139.30],
[4,101.27],
[4,114.12],
[4,116.15],
[4,117.16],
[8,103.04],
[12,81.86],
[16,78.20],
[6,141.36],
[7,109.10],
[7,90.09],
[12,44.41],
[3,114.12],
[4,127.22],
[3,66.80],
[3,71.77],
[3,100.57],
[3,118.68],
[3,117.16],
[3,98.87],
[3,103.70],
[5,90.13],
[5,101.94],
[5,109.13],
[5,103.38],
[5,108.96],
[5,95.17],
[4,63.86],
[4,135.77],
[4,81.86],
[3,117.16],
[3,104.30],
[-6,94.30],
[-3,135.27],
[-5,127.22],
[8,106.53],
[17,56.61],
[4,40.19],
[-3,184.84],
[10,113.10],
[6,78.20],
[6,82.11],
[4,115.13],
[4,85.89],
[3,128.59],
[-24,115.13],
[15,95.69],
[3,66.72],
[4,144.35],
[3,82.35],
[4,109.13],
[4,54.70],
[6,35.95],
[4,135.27],
[4,102.05],
[5,86.71],
[3,145.84],
[3,108.98],
[3,56.65],
