["Score", "Readability"],
[6,64.23],
[8,51.99],
[13,67.60],
[3,111.07],
[41,65.60],
[12,80.46],
[5,39.87],
[11,60.67],
[4,65.77],
[25,62.54],
[10,50.64],
[6,62.29],
[12,30.74],
[24,54.08],
[5,37.96],
[3,65.25],
[8,39.49],
[77,69.97],
[3,41.50],
[-7,139.33],
[82,57.37],
[5,40.30],
[3,57.78],
[8,32.01],
[16,96.06],
[13,61.89],
[6,45.26],
[4,54.51],
[5,52.83],
[6,43.45],
[35,84.46],
[-3,86.77],
[8,43.85],
[12,56.70],
[41,43.92],
[3,91.69],
[18,38.71],
[4,45.93],
[4,43.84],
[3,22.16],
[3,78.31],
[-5,61.44],
[-4,105.09],
[4,50.44],
[11,56.38],
[10,121.50],
[6,63.31],
[7,45.25],
[-3,55.59],
[3,82.48],
[6,44.99],
[8,62.83],
[15,73.85],
[4,64.58],
[-6,60.52],
[-12,64.28],
[188,62.30],
[39,59.44],
[3,50.05],
[8,26.97],
[29,85.92],
[5,38.58],
[6,95.94],
[7,51.59],
[3,50.82],
[4,39.69],
[4,43.45],
[-7,139.33],
[5,50.60],
[-3,64.09],
[6,55.34],
[5,54.75],
[3,51.65],
[7,34.32],
[8,18.59],
[25,93.70],
[4,33.56],
[3,139.33],
[22,52.88],
[10,23.28],
[3,78.38],
[43,83.10],
[23,79.71],
[6,52.99],
[17,89.08],
[6,44.01],
[4,89.52],
[4,61.44],
[24,66.14],
[35,78.87],
[38,64.71],
[3,50.99],
[7,80.10],
[8,62.06],
[3,117.67],
[3,63.60],
[11,66.97],
[4,60.62],
[19,59.56],
[15,51.53],
[3,52.78],
[6,57.08],
[34,58.69],
[4,49.94],
[26,44.47],
[23,53.39],
[3,80.31],
[11,49.29],
[5,67.31],
[6,97.03],
[35,94.51],
[14,102.45],
[3,107.60],
[3,80.31],
[5,84.64],
[3,160.48],
[4,52.83],
[6,44.45],
[4,38.07],
[-6,73.17],
[5,74.94],
[6,70.14],
[6,62.28],
[-3,68.95],
[-3,73.85],
[5,61.45],
[3,67.25],
[3,64.60],
[3,66.40],
[3,64.65],
[4,49.48],
[3,54.48],
[3,66.40],
[3,96.86],
[3,82.71],
[29,49.90],
[4,48.79],
[6,64.71],
[7,33.96],
[3,59.96],
[3,59.53],
[26,56.01],
[5,56.70],
[13,55.94],
[6,55.45],
[4,106.53],
[18,71.31],
[15,46.38],
[-6,64.27],
[81,75.20],
[4,64.07],
[31,70.51],
[670,41.06],
[5,20.67],
[5,48.87],
[35,62.64],
[3,73.18],
[-24,139.33],
[3,25.36],
[24,62.05],
[50,64.69],
[13,49.32],
[4,47.83],
[10,62.34],
[4,49.09],
[16,75.29],
[9,90.38],
[6,84.97],
[-3,87.87],
[23,137.18],
[5,87.08],
[4,53.09],
[21,43.34],
[105,58.78],
[34,87.73],
[3,81.04],
[354,46.46],
[5,66.56],
[3,90.96],
[7,43.35],
[5,42.47],
[74,50.03],
[9,60.22],
[12,69.05],
[4,58.38],
[3,63.74],
[7,49.16],
[6,49.91],
[7,48.16],
[3,63.75],
[14,63.57],
[4,43.09],
[4,50.69],
[7,53.42],
[5,60.08],
[28,68.09],
[41,55.77],
[6,54.35],
[7,41.91],
[1425,45.34],
[94,61.61],
[4,66.37],
[4,67.15],
[5,31.87],
[3,62.02],
[5,36.80],
[10,48.70],
[20,46.07],
[34,56.57],
[4,39.33],
[4,38.98],
[7,60.66],
[14,42.42],
[3,46.51],
[4,36.46],
[3,69.50],
[3,42.93],
[5,69.35],
[3,38.20],
[6,59.27],
[4,78.59],
[4,59.07],
[7,40.17],
[558,49.96],
[13,48.40],
[5,48.48],
[7,36.60],
[5,58.22],
[3,54.96],
[5,39.48],
[5,55.88],
[66,64.47],
[3,50.81],
[15,61.19],
[3,-4.16],
[3,44.77],
[3,69.40],
[50,71.33],
[5,50.05],
[8,55.99],
[6,86.42],
[3,68.82],
[17,69.40],
[3,77.32],
[-4,59.32],
[3,46.15],
[3,70.87],
[6,52.87],
[14,61.86],
[59,60.52],
[4,40.55],
[3,34.02],
[3,126.20],
[10,38.04],
[3,54.21],
[4,86.34],
[3,51.91],
[3,60.07],
[5,52.19],
[3,72.62],
[3,49.43],
[3,9.73],
[36,44.97],
[3,56.95],
[14,31.71],
[-4,139.33],
[8,62.97],
[16,38.56],
[6,99.23],
[3,52.62],
[11,83.60],
[-3,71.07],
[20,56.70],
[193,70.31],
[5,69.46],
[-3,98.25],
[4,41.59],
[232,103.01],
[3,61.86],
[139,44.80],
[5,70.57],
[14,65.04],
[-5,95.69],
[5,58.75],
[13,66.15],
[17,63.15],
[49,30.02],
[8,69.81],
[5,70.93],
[5,75.29],
[3,56.07],
[3,45.80],
[3,81.35],
[4,43.28],
[9,63.82],
[3,60.53],
[11,84.64],
[6,59.56],
[5,43.68],
[3,83.32],
[3,59.82],
[7,58.95],
[3,67.13],
[4,64.25],
[5,73.94],
[4,71.70],
[3,66.15],
[3,51.47],
[3,32.98],
[3,104.06],
[7,88.12],
[3,40.71],
[-3,88.30],
[6,48.13],
[3,28.66],
[8,53.73],
[4,53.88],
[9,52.84],
[4,72.26],
[-3,103.26],
[5,83.09],
[19,92.77],
[13,106.07],
[43,48.58],
[3,79.56],
[34,62.88],
[4,69.88],
[7,49.44],
[22,42.74],
[8,52.59],
[9,85.88],
[9,89.73],
[3,124.69],
[4,69.81],
[4,62.62],
[13,93.71],
[14,80.31],
[-4,68.66],
[223,76.59],
[3,59.92],
[4,55.77],
[65,41.75],
[3,90.65],
[3,67.65],
[9,60.21],
[20,48.91],
[6,52.67],
[4,53.55],
[4,66.37],
[4,45.93],
[3,58.84],
[23,71.58],
[62,101.93],
[3,77.42],
[32,80.20],
[10,49.67],
[3,65.17],
[10,92.65],
[5,41.91],
[4,66.41],
[11,66.10],
[3,41.23],
[7,72.99],
[17,63.70],
[7,57.95],
[4,64.71],
[6,31.45],
[6,52.93],
[6,70.78],
[7,48.37],
[-3,74.39],
[3,101.93],
[8,44.60],
[8,80.34],
[-4,39.35],
[4,78.38],
[12,74.27],
[8,41.22],
[9,88.29],
[9,53.09],
[-4,57.56],
[3,58.78],
[5,102.05],
[8,42.72],
[7,51.62],
[4,86.78],
[4,92.16],
[32,87.08],
[21,61.33],
[19,45.33],
[62,75.26],
[4,64.36],
[3,78.81],
[4,66.44],
[3,44.85],
[5,119.70],
[3,31.00],
[4,53.93],
[12,67.93],
[5,66.42],
[7,83.01],
[10,28.05],
[4,20.93],
[4,84.45],
[4,73.78],
[3,74.98],
[3,50.77],
[5,77.33],
[4,76.56],
[3,53.29],
[3,59.16],
[4,75.36],
[13,63.91],
[10,68.67],
[5,11.39],
[3,103.01],
[4,63.73],
[7,62.71],
[4,92.02],
[3,91.93],
[3,99.00],
[3,45.26],
[4,75.27],
[3,80.18],
[19,76.90],
[3,27.04],
[11,44.30],
[4,109.09],
[3,75.71],
[3,82.03],
[3,73.90],
[5,97.70],
[9,80.88],
[3,109.09],
[4,86.78],
[10,56.82],
[8,38.97],
[3,93.58],
[21,73.94],
[37,56.02],
[15,43.65],
[17,99.02],
[4,73.46],
[7,83.80],
[4,63.04],
[5,45.53],
[5,44.71],
[10,25.71],
[6,70.56],
[3,87.55],
[6,74.98],
[3,54.42],
[-12,84.17],
[3,59.87],
[3,56.17],
[3,85.88],
[3,70.86],
[4,72.95],
[5,76.01],
[4,57.91],
[3,41.25],
[3,99.23],
[4,55.67],
[4,85.41],
[3,77.65],
[3,62.61],
[3,111.07],
[7,44.62],
[3,71.76],
[4,67.35],
[4,65.68],
[3,107.86],
[3,86.17],
[3,74.94],
[4,32.37],
[3,52.87],
[3,79.68],
[3,67.13],
[3,75.69],
[3,96.76],
[3,74.87],
[3,109.09],
[3,102.99],
[8,60.90],
[3,117.16],
[3,76.67],
[3,67.28],
[6,74.58],
[4,61.20],
[4,86.60],
[17,61.70],
[5,78.69],
[3,111.12],
[4,62.41],
[3,110.61],
[3,68.56],
[3,45.54],
[3,156.79],
[-4,122.37],
[3,74.07],
[4,38.69],
[5,60.76],
[3,13.17],
[6,45.66],
[3,26.73],
[3,75.12],
[3,89.67],
[4,69.15],
[3,62.88],
[3,75.89],
[9,36.51],
[3,103.69],
[3,37.52],
[14,77.37],
[144,53.71],
[-9,74.43],
[16,53.34],
[11,50.62],
[12,82.55],
[7,75.73],
[62,60.07],
[16,73.28],
[3,65.98],
[9,79.53],
[14,55.99],
[5,60.16],
[3,62.72],
[4,55.03],
[4,87.18],
[8,72.52],
[9,55.77],
[5,139.33],
[-7,54.83],
[24,44.09],
[8,84.81],
[5,139.33],
[-8,55.65],
[17,98.25],
[-4,71.77],
[46,58.39],
[3,74.81],
[3,101.27],
[-4,43.98],
[3,95.94],
[359,56.59],
[59,72.75],
[46,71.28],
[36,55.66],
[10,41.91],
[10,63.18],
[11,56.55],
[8,77.75],
[8,43.37],
[6,72.99],
[8,43.27],
[6,49.21],
[12,65.06],
[5,64.62],
[10,172.55],
[4,66.71],
[6,70.12],
[3,73.34],
[3,57.94],
[4,42.55],
[3,68.64],
[-14,58.79],
[-3,69.78],
[-4,156.42],
[33,23.26],
[14,61.45],
[9,32.49],
[8,51.19],
[4,47.91],
[-4,72.60],
[-3,102.78],
[46,61.24],
[11,81.34],
[29,53.44],
[53,45.14],
[18,52.67],
[8,109.13],
[8,71.28],
[14,62.40],
[7,45.01],
[3,32.47],
[3,69.28],
[16,55.12],
[7,47.93],
[3,65.15],
[3,47.94],
[-5,139.33],
[-5,63.73],
[22,48.60],
[5,128.65],
[5,58.79],
[4,50.24],
[3,42.14],
[-7,54.08],
[17,29.34],
[24,66.72],
[7,59.94],
[3,95.00],
[6,59.61],
[4,51.46],
[5,94.51],
[14,35.78],
[9,65.95],
[3,21.47],
[4,58.73],
[5,24.31],
[3,21.99],
[14,53.57],
[3,78.82],
[14,56.66],
[22,83.75],
[4,78.05],
[5,48.68],
[3,69.32],
[3,103.38],
[4,80.25],
[3,58.51],
[9,18.94],
[3,14.13],
[21,48.76],
[5,51.92],
[5,56.53],
[5,59.53],
[7,83.25],
[3,69.76],
[4,44.13],
[4,77.22],
[3,74.58],
[9,72.04],
[13,61.75],
[4,111.33],
[4,43.57],
[-3,40.18],
[6,83.48],
[3,57.82],
[25,64.40],
[8,19.34],
[7,88.76],
[6,68.69],
[10,73.41],
[4,57.88],
[3,52.43],
[6,62.38],
[5,42.98],
[3,24.48],
[6,56.54],
[4,62.97],
[4,90.32],
[12,33.36],
[9,41.43],
[3,128.59],
[3,47.39],
[9,46.94],
[6,31.33],
[3,76.50],
[5,67.48],
[-7,41.89],
[3,89.09],
[4,73.17],
