["Score", "Readability"],
[3,95.00],
[4,46.17],
[369,121.22],
[468,60.03],
[46,61.78],
[47,36.62],
[14,22.01],
[6,45.21],
[408,35.61],
[267,78.41],
[324,85.86],
[126,56.76],
[16,82.43],
[295,70.21],
[74,100.07],
[785,56.76],
[236,87.38],
[37,46.17],
[908,84.59],
[6,36.62],
[1229,68.94],
[93,48.83],
[71,120.21],
[46,77.91],
[3,45.65],
[4,12.97],
[5,77.91],
[99,50.21],
[44,70.34],
[4,60.37],
[88,84.20],
[4,54.73],
[8,99.06],
[5,58.25],
[18,70.21],
[134,64.31],
[85,57.77],
[12,72.19],
[23,70.21],
[25,58.85],
[49,15.47],
[24,45.21],
[18,88.48],
[14,70.21],
[3,77.91],
[3,74.86],
[59,71.52],
[11,108.95],
[3,-5.68],
[56,91.43],
[26,96.64],
[16,14.46],
[19,64.30],
[21,72.95],
[3,36.11],
[98,100.07],
[8,36.62],
[4,62.79],
[17,52.02],
[11,78.92],
[15,72.12],
[5,54.15],
[3,79.07],
[6,99.73],
[15,45.73],
[23,70.46],
[5,84.20],
[9,78.41],
[15,70.75],
[11,106.61],
[3,67.33],
[3,72.12],
[4,68.16],
[11,63.66],
[4,100.07],
[3,62.79],
[6,47.94],
[4,95.22],
[10,23.10],
[14,22.01],
[8,83.14],
[4,100.07],
[5,58.25],
[3,60.03],
[3,90.99],
[4,78.92],
[3,45.87],
[4,82.43],
[3,50.21],
[4,60.39],
[4,66.79],
[3,52.70],
[6,96.29],
[4,87.13],
[8,69.84],
[9,78.92],
[4,59.63],
[6,67.33],
[10,100.07],
[9,105.70],
[9,121.22],
[4,100.07],
[3,52.02],
[5,100.07],
[4,78.92],
[5,25.44],
[4,49.30],
[4,91.75],
[13,60.48],
[14,47.94],
[3,85.86],
[3,60.48],
[4,50.21],
[4,73.41],
[3,101.51],
[5,60.48],
[10,62.79],
[6,78.92],
[22,72.12],
[3,120.21],
[10,74.81],
[236,48.69],
[5,67.33],
[18,94.51],
[14,85.86],
[3,121.02],
[100,5.48],
[156,88.89],
[-9,35.10],
[20,50.21],
[3,72.95],
[99,87.50],
[3,90.99],
[24,74.04],
[3,61.24],
[6,61.24],
[225,63.55],
[3,44.75],
[62,72.12],
[3,76.89],
[123,48.30],
[4,108.37],
[3,101.61],
[5,36.37],
[11,36.37],
[10,53.37],
[41,53.29],
[31,99.06],
[86,77.91],
[4,47.94],
[12,84.20],
[4,70.21],
[27,78.92],
[4,100.07],
[28,35.61],
[3,77.91],
[58,68.94],
[41,58.47],
[3,47.94],
[12,-5.48],
[5,-5.68],
[196,78.41],
[4,92.51],
[6,78.58],
[3,47.17],
[4,92.73],
[90,36.01],
[31,77.91],
[3,53.29],
[43,57.77],
[3,94.32],
[6,70.34],
[10,46.18],
[3,78.92],
[14,72.95],
[6,70.46],
[6,97.34],
[4,70.21],
[3,53.29],
[98,8.22],
[40,88.48],
[72,120.71],
[118,54.73],
[3,57.77],
[39,78.92],
[389,41.64],
[21,70.01],
[10,72.95],
[3,75.88],
[1450,68.16],
[88,96.29],
[5,85.86],
[6,57.77],
[708,78.92],
[92,36.91],
[226,57.77],
[7,36.82],
[1731,53.29],
[29,54.15],
[546,44.75],
[13,64.01],
[25,70.21],
[8,78.20],
[2959,70.21],
[8,77.91],
[7,36.62],
[666,-6.69],
[8,70.21],
[4,44.75],
[98,36.37],
[9,36.62],
[19,95.15],
[4,64.31],
[627,64.09],
[69,100.07],
[30,82.43],
[63,82.35],
[8,62.79],
[33,85.86],
[3,87.67],
[405,53.29],
[20,75.88],
[-5,121.22],
[214,90.99],
[4,57.43],
[13,68.94],
[14,44.75],
[37,85.86],
[4,64.31],
[26,63.40],
[3,68.43],
[3,81.97],
[6,67.33],
[35,78.92],
[25,59.11],
[4,68.20],
[-4,108.37],
[5,63.71],
[3,78.67],
[344,54.61],
[5,49.71],
[6,12.04],
[4,78.58],
[6,77.91],
[5,50.23],
[22,78.41],
[9,88.68],
[8,53.39],
[6,15.47],
[4,104.05],
[6,66.87],
[41,44.15],
[6,52.02],
[5,72.88],
[6,84.20],
[5,52.53],
[4,100.07],
[3,100.07],
[5,15.47],
[4,77.67],
[4,82.35],
[4,57.77],
[3,84.56],
[8,100.07],
[3,48.30],
[3,35.10],
[8,72.12],
[4,34.59],
[4,105.70],
[3,64.53],
[4,88.48],
[3,85.86],
[4,48.58],
[3,53.29],
[3,72.95],
[4,120.21],
[4,120.21],
[8,70.75],
[3,72.47],
[10,50.23],
[3,44.75],
],
