["Score", "Readability"],
[10,84.90],
[117,106.88],
[553,117.67],
[7,117.16],
[18,83.01],
[29,52.27],
[4,75.50],
[-8,118.18],
[11,98.68],
[47,63.11],
[-8,74.00],
[14,58.71],
[-8,184.67],
[-7,95.17],
[57,52.52],
[413,78.20],
[4,103.54],
[-3,118.68],
[-17,134.08],
[52,115.55],
[-4,96.58],
[-18,122.11],
[24,160.48],
[96,123.20],
[5,128.75],
[37,46.95],
[4,111.07],
[15,50.67],
[332,124.34],
[180,84.84],
[-4,106.58],
[-3,40.68],
[-14,111.28],
[29,79.80],
[23,63.23],
[25,14.46],
[323,89.52],
[135,59.44],
[156,113.10],
[134,103.54],
[4,43.56],
[190,116.15],
[4,103.54],
[-5,108.96],
[1054,103.54],
[-5,115.13],
[6,98.38],
[3,106.25],
[60,64.92],
[24,154.94],
[16,42.12],
[-3,139.33],
[139,84.68],
[24,103.54],
[5,102.62],
[3,106.58],
[978,49.79],
[5,98.87],
[108,71.14],
[-11,89.09],
[360,66.97],
[43,85.57],
[4,82.41],
[14,61.35],
[327,63.55],
[3051,61.33],
[4,89.90],
[4,100.24],
[22,102.08],
[7,75.50],
[362,73.17],
[-14,89.25],
[4,71.77],
[6,89.09],
[14,124.69],
[10,82.93],
[5,89.90],
[6,35.10],
[76,76.23],
[5,109.63],
[8,60.40],
[-20,139.33],
[29,91.38],
[39,93.47],
[3,74.39],
[3,128.75],
[28,97.00],
[92,62.10],
[24,87.41],
[10,72.12],
[40,114.12],
[18,137.47],
[428,46.56],
[3,71.70],
[3,106.60],
[10,59.69],
[116,80.18],
[5,89.44],
[688,58.33],
[3,134.08],
[4,89.90],
[8,91.84],
[38,136.62],
[-8,70.80],
[541,99.45],
[331,90.09],
[7,147.39],
[14,84.90],
[116,79.68],
[-28,54.98],
[3,18.47],
[112,86.42],
[2575,67.42],
[5,69.99],
[3,40.01],
[3,95.00],
[9,103.65],
[3,89.52],
[6,113.10],
[14,133.29],
[19,56.46],
[8,118.18],
[-9,40.90],
[315,67.53],
[5,103.70],
[176,41.28],
[5,84.84],
[11,52.26],
[5,68.91],
[21,124.69],
[5,163.52],
[3,161.49],
[25,101.55],
[13,94.30],
[67,103.70],
[284,74.14],
[4,41.02],
[4,103.04],
[-23,73.43],
[178,64.47],
[46,-1.96],
[-19,108.96],
[5,88.00],
[4,34.93],
[7,62.84],
[60,19.45],
[4,70.14],
[3,81.26],
[6,127.22],
[4,55.95],
[2831,81.24],
[-12,160.48],
[12,90.33],
[-13,66.33],
[183,72.32],
[148,74.47],
[3,77.10],
[54,59.15],
[14,111.75],
[9,124.69],
[4,108.27],
[7,58.55],
[3,70.32],
[114,91.74],
[10,55.95],
[102,77.91],
[3,101.37],
[367,98.87],
[3,56.43],
[14,59.07],
[27,26.93],
[30,184.84],
[3641,87.45],
[84,60.14],
[73,55.40],
[81,6.42],
[17,95.44],
[3,109.72],
[5,120.55],
[513,65.17],
[3,87.41],
[12,95.17],
[5,66.27],
[21,94.30],
[-11,124.69],
[-9,87.80],
[2937,99.37],
[158,181.62],
[901,67.53],
[9,68.77],
[4,85.89],
[19,57.68],
[26,87.95],
[12,84.20],
[17,94.04],
[-24,103.69],
[-5,95.46],
[11,53.64],
[3,114.12],
[54,94.32],
[3,82.43],
[3,128.75],
[3,69.59],
[3,61.70],
[5,68.69],
[3,103.62],
[7,129.58],
[16,81.73],
[25,76.46],
[26,61.67],
[14,109.09],
[3,139.33],
[54,97.03],
[-7,83.90],
[3,83.01],
[7,105.41],
[249,114.12],
[-8,80.31],
[16,90.96],
[7,56.70],
[11,128.75],
[-6,109.09],
[13,86.88],
[76,137.47],
[490,103.62],
[-6,103.54],
[592,76.12],
[31,121.22],
[7,45.24],
[127,75.94],
[4,136.60],
[177,95.58],
[6,139.30],
[4,141.30],
[7,56.24],
[14,76.86],
[9,28.67],
[6,70.71],
[23,9.72],
[-8,124.69],
[5,97.17],
[-6,68.56],
[-5,73.25],
[98,95.00],
[8,105.09],
[6,53.39],
[3,55.35],
[15,116.82],
[13,119.70],
[8,74.33],
[50,109.57],
[41,112.09],
[5,71.31],
[3,117.16],
[6,89.61],
[3,139.33],
[3,97.17],
[3,62.60],
[5,146.36],
[6,85.43],
[8,108.70],
[4,101.09],
[14,76.59],
[-6,131.90],
[3,97.00],
[8,49.30],
[3,83.33],
[13,127.31],
[26,95.17],
[42,77.65],
[179,99.06],
[-18,97.70],
[5,85.03],
[7,57.08],
[3,80.90],
[71,67.67],
[3,110.39],
[-3,85.89],
[5,60.95],
[7,73.78],
[3,66.13],
[4,144.35],
[4,68.66],
[12,104.08],
[4,135.27],
[9,54.46],
[51,102.05],
[3,55.29],
[7,101.35],
[72,70.36],
[3,118.76],
[3,95.40],
[3,84.39],
[10,122.15],
[3,43.72],
[8,91.43],
[29,95.61],
[4,80.65],
[6,112.59],
[3,102.53],
[8,76.57],
[89,92.97],
[5,80.78],
[-4,59.64],
[8,62.84],
[3,131.90],
[3,77.42],
[3,72.12],
[6,106.80],
[4,80.33],
[6,76.83],
[17,112.09],
[3,44.97],
[5,77.68],
[5,68.07],
[7,74.75],
[5,61.74],
[7,56.98],
[27,78.38],
[3,84.57],
[4,109.79],
[8,108.63],
[5,75.50],
[3,68.94],
[73,80.19],
[3,110.06],
[3,94.30],
[6,75.34],
[6,81.63],
[3,61.40],
[3,32.05],
[8,87.75],
[4,139.33],
[3,108.41],
[5,108.27],
[3,78.87],
[3,103.01],
[7,51.19],
[5,53.55],
[7,47.70],
[6,77.40],
[3,108.96],
[8,90.05],
[3,115.89],
[3,31.44],
[5,68.98],
[3,153.34],
[3,64.74],
[3,202.78],
[3,95.74],
[5,151.00],
[38,103.70],
[-3,139.33],
[3,59.63],
[3,127.22],
[3,76.50],
[3,4.99],
[9,130.77],
[3,99.06],
[3,181.62],
[4,30.33],
[5,90.57],
[99,151.39],
[-6,37.37],
[5,72.27],
[-4,151.00],
[3,69.80],
[3,67.40],
[45,144.35],
[3,53.42],
[3,77.81],
[17,78.42],
[5,114.24],
[3,147.39],
[3,92.06],
[3,73.85],
[4,60.37],
[3,166.99],
[4,12.23],
[4,134.08],
[3,120.46],
[4,56.04],
[34,83.10],
[4,77.25],
[3,76.50],
[7,76.95],
[3,49.54],
[6,52.01],
[3,83.85],
[4,58.68],
[5,118.18],
[3,103.62],
[5,124.69],
[5,84.46],
[-3,160.48],
[4,109.10],
[4,92.17],
[5,30.95],
[4,87.95],
[10,97.00],
[10,64.08],
[3,56.93],
[4,84.57],
[341,134.08],
[169,92.55],
[3,63.77],
[5,98.04],
[4,103.01],
[-10,78.55],
[3,99.41],
[3,58.83],
[4,80.02],
[3,76.48],
[8,88.91],
[11,160.48],
[4,63.84],
[3,56.25],
[3,118.18],
[5,90.99],
[-3,44.38],
[3,56.25],
[3,94.83],
[50,38.02],
[4,80.10],
[4,94.30],
[4,63.99],
[3,77.85],
[3,95.69],
[3,85.03],
[5,103.04],
[4,81.59],
[4,52.02],
[7,71.14],
[3,75.50],
[-6,127.07],
[4,69.28],
[4,95.00],
[2255,60.92],
[3,134.08],
[3,68.77],
[5,118.68],
[9,92.43],
[12,99.06],
[9,75.99],
[5,122.50],
[3,182.48],
[24,102.45],
[44,91.78],
[23,79.56],
[17,90.01],
[6,110.82],
[4,45.47],
[4,113.55],
[75,46.26],
[3,78.41],
[6,60.20],
[4,124.34],
[4,83.75],
[9,60.29],
[59,116.15],
[5,92.17],
[5,21.18],
[3,64.71],
[5,97.00],
[3,103.54],
[6,130.25],
[3,150.20],
[26,109.04],
[6,115.13],
[13,109.26],
[-5,139.33],
[4,89.90],
[6,76.50],
[-11,98.00],
[4,118.18],
[8,81.79],
[4,68.53],
[4,61.40],
[-3,103.04],
[8,92.97],
[3,108.41],
[8,103.34],
[4,96.02],
[-4,69.79],
[6,45.81],
[-5,89.77],
[4,103.38],
[7,78.77],
[4,110.95],
[4,96.75],
[4,54.68],
[3,108.27],
[27,56.97],
[13,141.36],
[3,56.39],
[6,24.93],
[-3,102.53],
[3,78.81],
[63,158.44],
[6,93.58],
[7,105.09],
[101,99.02],
[3,67.26],
[8,121.17],
[19,42.71],
[5,112.09],
[4,68.94],
[-7,61.40],
[29,122.15],
[192,71.82],
[106,137.30],
[-4,0.68],
[3,91.78],
[4,74.86],
[4,100.55],
[11,109.63],
[3,75.90],
[60,97.71],
[3,134.08],
[3,68.94],
[-6,94.60],
[5,136.47],
[12,52.55],
[3,139.33],
[4,74.66],
[3,108.70],
[4,55.27],
[-3,130.77],
[-3,51.15],
[3,77.23],
[-5,40.18],
[3,79.35],
[3,76.69],
[336,74.81],
[8,124.69],
[8,113.94],
[30,83.61],
[6,73.14],
[3,83.36],
[5,114.12],
[3,81.07],
[9,61.40],
[3,108.98],
[3,127.22],
[25,86.17],
[14,116.65],
[31,76.59],
[3,89.25],
[7,64.80],
[3,91.43],
[12,160.48],
[3,69.79],
[3,79.80],
[-5,78.25],
[20,105.88],
[3,97.17],
[5,151.25],
[8,120.46],
[50,89.47],
[5,103.04],
[90,74.84],
[3,69.79],
[-12,80.10],
[373,145.87],
[975,93.70],
[84,132.03],
[3,137.27],
[4,108.98],
[5,68.62],
[-3,86.71],
[5,76.02],
[-9,67.67],
[341,52.02],
[4,103.38],
[3,129.00],
[9,92.56],
[9,81.24],
[5,134.14],
[9,124.34],
[8,118.18],
[9,108.96],
[81,102.45],
[8,103.54],
[-14,119.19],
[80,97.70],
[76,86.70],
[38,66.72],
[6,141.30],
[14,103.54],
[6,100.24],
[3,71.77],
[6,134.31],
[159,74.84],
[85,95.94],
[5,42.87],
[27,78.77],
[4,117.50],
[66,113.10],
[3,67.03],
[8,139.73],
[3,113.10],
[7,53.89],
[23,53.12],
[5,75.50],
[6,89.47],
[11,108.27],
[17,144.35],
[4,41.57],
[16,85.14],
[5,75.88],
[3,71.52],
[-4,139.33],
[3,125.44],
[3,53.07],
[5,65.56],
[9,88.83],
[5,38.32],
[7,81.86],
[3,103.54],
[4,85.02],
[50,119.70],
[93,91.81],
[4,119.19],
[3,53.10],
[5,80.36],
[4,33.53],
[-5,130.85],
[19,160.48],
[3,104.98],
[-22,78.77],
[3,99.02],
[3,103.04],
[10,65.01],
[7,75.12],
[17,110.06],
[3,27.83],
[4,139.33],
[3,75.69],
[89,76.46],
[38,103.38],
[321,89.61],
[-10,100.79],
[7,122.80],
[9,116.82],
[3,94.30],
[836,102.53],
[9,83.25],
[253,69.50],
[-4,109.13],
[3,46.92],
[3,60.71],
[3,139.33],
[5,63.55],
[-5,96.11],
[4,76.50],
[388,112.79],
[5,76.12],
[8,86.42],
[13,69.14],
[3,91.43],
[4,100.39],
[-3,112.09],
[-5,98.00],
[6,114.12],
[4,112.09],
[97,87.80],
[3,23.27],
[43,50.29],
[4,104.98],
[23,48.04],
[151,83.29],
[3,122.80],
[-7,139.33],
[154,118.18],
[3,139.33],
[3,80.10],
[7,103.54],
[11,95.73],
[3,130.25],
[73,60.37],
[67,103.62],
[23,98.25],
[76,73.78],
[87,100.24],
[3,108.70],
[5,95.85],
[31,115.64],
[19,88.00],
[19,102.05],
[4,53.31],
[17,79.68],
[4,161.49],
[253,83.09],
[8,76.50],
[3,103.04],
[4,188.65],
[13,98.25],
[183,109.10],
[11,122.07],
[9,108.27],
[5,103.57],
[4,54.15],
[62,118.76],
[4,60.71],
[6,109.63],
[4,77.69],
[4,95.17],
[5,85.89],
[6,81.07],
[3,114.12],
[4,28.21],
[3,103.04],
[3,87.68],
[7,131.21],
[-4,102.05],
[3,74.98],
[4,84.92],
[3,58.01],
[4,37.46],
[13,85.88],
[3,151.00],
[9,147.39],
[6,52.33],
[3,70.51],
[4,116.15],
[3,101.51],
[-7,61.26],
[10,93.47],
[3,108.03],
[3,94.51],
[5,44.56],
[62,70.14],
[41,131.21],
[6,91.25],
[3,102.49],
[7,103.34],
[6,75.18],
[9,75.88],
[12,59.63],
[166,78.77],
[4,78.87],
[14,7.53],
[14,58.02],
[-4,126.45],
[4,107.07],
[-6,92.97],
[32,83.61],
[-3,160.48],
[-7,116.15],
[-15,80.20],
[77,83.99],
[6,114.12],
[3,118.18],
[6,71.77],
[11,78.20],
[7,48.67],
[34,47.11],
[-3,84.84],
[3,113.81],
[3,80.33],
[56,90.56],
[3,99.41],
[3,92.17],
[-3,93.58],
[-3,103.04],
[-3,79.71],
[9,130.77],
[8,67.76],
[3,55.31],
[3,66.73],
[13,118.76],
[-8,46.03],
[3,78.59],
[9,94.30],
[-3,87.41],
[4,52.05],
[-6,73.17],
[3,79.56],
[26,118.76],
[17,145.84],
[6,85.16],
[4,47.94],
[3,77.81],
[5,145.84],
[3,59.15],
[-3,102.62],
[24,56.04],
[4,103.70],
[3,76.28],
[4,75.50],
[18,102.53],
[3,73.17],
[8,130.25],
[25,103.54],
[-3,144.35],
[4,101.26],
[3,86.71],
[4,144.35],
[4,65.01],
[3,65.01],
[8,156.42],
[6,66.40],
[4,85.86],
[4,77.68],
[4,101.55],
[8,39.17],
[3,127.22],
[3,98.68],
[214,108.70],
[39,54.70],
[4096,139.33],
[501,88.00],
[199,82.48],
[660,95.67],
[327,92.97],
[3,154.94],
[12,75.97],
[88,93.70],
[713,77.46],
[4,98.87],
[3,129.35],
[113,52.59],
[1898,93.58],
[1207,73.20],
[663,101.98],
[12,103.70],
[18,114.12],
[7,103.62],
[18,86.42],
[10,100.24],
[24,87.95],
[35,9.20],
[127,94.78],
[14,95.73],
[11,97.03],
[194,73.85],
[6,151.39],
[5,84.05],
[118,49.58],
[8,117.16],
[3,46.53],
[277,86.60],
[35,149.90],
[5,80.78],
[11,101.27],
[9,61.40],
[8,127.22],
[11,71.70],
[639,76.50],
[3,111.46],
[49,89.55],
[8,119.95],
[521,31.39],
[27,68.65],
[585,77.91],
[34,80.31],
[4,60.63],
[3,59.64],
[-7,49.89],
[9,96.86],
[3,107.60],
[70,41.10],
[3,80.31],
[3,96.02],
[12,123.54],
[7,139.73],
[16,139.30],
[3,144.35],
[66,160.48],
[3,64.49],
[338,108.70],
[81,77.67],
[19,89.47],
[178,119.39],
[34,94.78],
[-3,117.67],
[35,97.03],
[20,133.29],
[2604,58.42],
[4,134.08],
[3,139.33],
[113,95.94],
[4,130.77],
[6,99.23],
[472,92.80],
[9,83.75],
[235,97.03],
[10,84.90],
[3,53.12],
[4,54.70],
[419,54.75],
[6,84.92],
[3,19.89],
[11,95.17],
[405,103.75],
[9,117.67],
[4,92.97],
[3,108.70],
[18,92.17],
[3,33.20],
[315,75.20],
[131,84.92],
[5,84.01],
[180,57.11],
[5,118.18],
[6,102.05],
[23,87.95],
[34,136.47],
[137,139.30],
[3,163.67],
[4,90.09],
[17,89.61],
[3,33.98],
[1556,44.04],
[113,78.35],
[-17,68.07],
[69,118.18],
[3,95.95],
[45,68.82],
[9,60.05],
[18,118.18],
[100,54.34],
[13,36.60],
[6,127.69],
[9,80.90],
[-6,117.16],
[12,108.83],
[14,142.85],
[-4,113.10],
[3,61.39],
[40,113.10],
[9,135.27],
[4,66.05],
[140,43.08],
[3,45.52],
[8,79.21],
[44,139.33],
[9,85.13],
[7,92.97],
[10,78.87],
[7,63.55],
[3,127.45],
[3,77.71],
[-5,139.33],
[350,55.90],
[45,130.77],
[10,118.68],
[193,69.97],
[4,115.13],
[11,89.61],
[-5,139.33],
[8,54.41],
[17,131.54],
[6,63.19],
[8,70.51],
[12,114.12],
[55,124.34],
[16,114.62],
[23,82.48],
[3,79.35],
[3,76.34],
[29,103.54],
[4,95.85],
[9,80.31],
[13,90.94],
[3,103.34],
[5,80.03],
[3,121.17],
[32,63.06],
[20,175.56],
[17,71.77],
[52,92.69],
[3,103.69],
[25,32.50],
[34,108.70],
[3,95.00],
[-8,75.18],
[7,64.95],
[3,45.45],
[5,108.27],
[3,115.13],
[9,106.61],
[17,91.78],
[8,90.09],
[7,65.73],
[21,79.31],
[10,122.06],
[4,62.88],
[3,88.83],
[8,66.40],
[9,106.00],
[20,116.65],
[-3,102.05],
[5,116.15],
[11,97.00],
[3,112.65],
[3,71.77],
[3,108.03],
[4,72.99],
[54,167.03],
[9,104.06],
[4,122.80],
[-3,84.90],
[6,90.05],
[5,63.02],
[10,109.04],
[5,96.02],
[9,54.53],
[8,139.30],
[56,51.08],
[4,139.30],
[13,64.41],
[7,115.13],
[3,92.17],
[7,84.68],
[124,120.21],
[82,52.23],
[3,96.02],
[183,117.11],
[7,121.22],
[7,95.17],
[-5,94.30],
[4,95.17],
[6,92.06],
[917,61.91],
[3,98.87],
[8,106.17],
[3,96.11],
[55,101.27],
[15,89.52],
[-6,54.75],
[49,102.62],
[-3,111.13],
[8,129.00],
[-7,89.60],
[3,88.91],
[252,48.69],
[6,86.71],
[11,90.96],
[15,127.07],
[402,89.52],
[4,85.30],
[-4,57.77],
[149,93.90],
[-12,109.09],
[14,117.67],
[3,76.50],
[4,112.09],
[3,123.20],
[82,83.09],
[4,93.58],
[6,77.23],
[4,60.23],
[19,92.97],
[3,95.94],
[28,109.10],
[123,69.72],
[3,90.96],
[344,63.02],
[3,92.65],
[-4,106.25],
[5,120.85],
[9,84.92],
[89,81.97],
[3,77.23],
[5,74.32],
[6,134.08],
[-18,76.97],
[3,108.70],
[30,127.07],
[25,102.13],
[72,87.38],
[6,67.88],
[210,85.95],
[9,141.83],
[-11,92.38],
[3,118.76],
[17,65.73],
[23,71.29],
[21,87.21],
[16,112.09],
[3,73.18],
[-4,55.39],
[12,90.96],
[3,92.97],
[23,97.00],
[10,129.00],
[36,84.67],
[3,95.94],
[3,53.66],
[4,74.04],
[4,82.39],
[284,76.89],
[5,88.91],
[4,95.46],
[115,60.27],
[516,76.83],
[3,181.62],
[5,99.00],
[3,91.78],
[9,80.87],
[7,103.01],
[3,95.00],
[7,48.64],
[5,73.85],
[-19,139.33],
[18,89.61],
[3,115.64],
[4,36.66],
[3,101.55],
[68,113.10],
[3,84.15],
[35,83.32],
[69,78.87],
[3,139.33],
[48,97.03],
[3,111.52],
[87,73.25],
[3,46.21],
[46,103.54],
[3,71.14],
[16,95.17],
[71,60.85],
[3,56.25],
[264,124.34],
[16,38.86],
[901,109.10],
[12,-1.71],
[157,117.16],
[3,113.10],
[46,97.03],
[-4,95.44],
[6,104.82],
[3,75.50],
[-6,102.53],
[-7,160.48],
[-11,89.52],
[3,47.35],
[326,83.01],
[3,87.41],
[-3,90.13],
[-6,38.38],
[7,103.70],
[13,50.41],
[3,202.78],
[9,59.94],
[6,73.85],
[63,113.55],
[4,52.70],
[3,84.45],
[-8,96.02],
[224,109.09],
[166,79.09],
[43,87.41],
[13,90.09],
[4,34.93],
[-5,89.52],
[4,89.90],
[5,108.27],
[10,87.87],
[4,100.24],
[3,71.28],
[5,134.08],
[4,68.22],
[5,113.10],
[3,80.31],
[4,70.08],
[3,100.24],
[488,131.90],
[5,103.01],
[28,80.72],
[249,124.69],
[3,81.86],
[14,21.57],
[26,131.90],
[-11,139.33],
[136,128.59],
[5,97.03],
[3,64.45],
[65,112.09],
[3,70.14],
[4,84.03],
[3,106.53],
[3,121.22],
[56,100.24],
[4,73.41],
[3,113.10],
[4,103.62],
[-12,52.76],
[4,100.24],
[-5,128.75],
[803,117.11],
[3,93.58],
[6,93.57],
[-4,97.03],
[684,72.52],
[3,131.21],
[3,117.67],
[-6,111.33],
[48,63.02],
[39,107.60],
[15,127.22],
[5,35.03],
[11,111.07],
[7,80.90],
[57,96.11],
[3,115.64],
[3,124.69],
[5,72.99],
[35,134.08],
[-19,80.31],
[11,80.69],
[8,108.40],
[4,128.75],
[5,100.00],
[3,90.66],
[3,106.60],
[-3,62.62],
[16,119.19],
[6,64.47],
[3,101.98],
[13,72.95],
[3,98.25],
[-5,28.39],
[7,100.00],
[4,83.01],
[3,55.93],
[-23,55.28],
[6,126.45],
[7,78.77],
[212,73.13],
[5,134.08],
[5,85.30],
[3,80.99],
[3,111.51],
[3,74.45],
[58,88.96],
[3,84.45],
[4,-0.99],
[90,52.58],
[-7,187.38],
[-6,39.92],
[3,77.42],
[3,100.24],
[58,65.35],
[3,80.90],
[22,87.01],
[5,125.62],
[3,94.99],
[3,91.81],
[1183,108.70],
[4,101.98],
[19,70.08],
[3,103.04],
[4,111.53],
[4,115.13],
[3,100.00],
[3,62.96],
[10,61.36],
[8,72.12],
[5,53.36],
[11,82.29],
[5,60.36],
[3,63.79],
[69,29.95],
[6,102.62],
[20,61.47],
[12,91.78],
[4,116.57],
[5,69.59],
[-3,60.12],
[3,83.75],
[3,63.19],
[-3,88.91],
[65,49.91],
[6,53.97],
[5,99.00],
[3,56.28],
[3,90.99],
[25,66.78],
[-4,130.25],
[6,66.79],
[3,103.70],
[4,109.10],
[6,77.40],
[4,117.16],
[4,116.15],
[3,127.69],
[4,73.17],
[5,80.78],
[3,139.33],
[13,92.65],
[3,110.06],
[5,32.63],
[23,97.00],
[-9,181.62],
[52,82.39],
[3,98.87],
[61,147.39],
[6,95.69],
[7,108.27],
[4,115.13],
[9,84.81],
[4,116.15],
[-10,102.05],
[793,70.29],
[6,128.59],
[4,118.51],
[18,73.75],
[16,52.12],
[6,53.55],
[3,111.07],
[9,66.15],
[-7,49.17],
[400,52.02],
[3,107.10],
[-3,59.54],
[-3,76.46],
[12,103.70],
[3,37.80],
[3,111.07],
[3,151.00],
[3,120.55],
[4,93.70],
[3,38.50],
[5,69.84],
[15,82.39],
[23,-6.41],
[3,114.12],
[13,78.22],
[3,58.42],
[12,95.42],
[3,117.11],
[4,102.53],
[6,139.33],
[3,108.83],
[112,122.15],
[76,32.56],
[-12,118.73],
[3,89.47],
[9,119.40],
[3,130.77],
[9,42.00],
[5,57.92],
[3,83.32],
[3,78.55],
[3,70.67],
[3,56.97],
[4,83.10],
[34,51.15],
[3,115.64],
[3,147.39],
[4,89.52],
[102,103.70],
[713,65.77],
[1309,97.34],
[4,74.02],
[18,40.36],
[986,95.69],
[-3,110.55],
[1790,94.60],
[23,72.59],
[94,84.68],
[4022,99.00],
[62,85.41],
[258,84.92],
[141,90.23],
[8,106.90],
[706,90.96],
[24,82.48],
[110,95.15],
[58,122.15],
[94,78.38],
[2037,111.13],
[408,91.06],
[4,117.67],
[50,94.51],
[352,89.86],
[7,114.12],
[189,103.01],
[10,106.00],
[14,112.09],
[5,103.01],
[-37,53.89],
[29,127.22],
[919,71.75],
[446,103.01],
[23,95.73],
[7,100.19],
[3,139.33],
[168,106.53],
[235,63.31],
[-15,53.55],
[363,92.06],
[14,71.36],
[227,149.90],
[15,106.60],
[-13,108.85],
[-15,113.90],
[3,134.08],
[3,87.10],
[7,115.13],
[15,68.09],
[2202,80.50],
[18,97.20],
[11,60.19],
[-3,90.96],
[4,103.01],
[3087,73.93],
[-5,68.94],
[6,83.32],
[1881,67.61],
[3,33.58],
[15,70.80],
[16,54.72],
[10,54.60],
[-3,103.57],
[103,80.90],
[15,79.85],
[26,56.61],
[5,108.98],
[112,114.62],
[6,55.43],
[3,112.65],
[29,58.87],
[-3,139.33],
[6,116.15],
[-5,85.30],
[7,75.99],
[26,73.17],
[14,66.42],
[73,181.62],
[3,98.10],
[335,81.65],
[3,47.30],
[4,11.69],
[-5,72.99],
[-8,50.24],
[8,151.39],
[3,63.05],
[-3,63.49],
[3,66.87],
[899,87.68],
[113,103.34],
[6,70.54],
[134,61.77],
[8,96.11],
[7,80.50],
[6,56.70],
[2675,94.78],
[13,61.67],
[44,60.33],
[35,105.88],
[6,63.19],
[-5,64.78],
[3,102.53],
[12,53.27],
[3,81.68],
[3,96.06],
[-14,73.43],
[13,76.56],
[932,96.02],
[-5,71.28],
[4,93.59],
[579,135.27],
[17,135.12],
[262,17.27],
[-3,73.85],
[207,61.53],
[14,113.10],
[-3,90.38],
[-5,89.44],
[-5,81.24],
[-3,80.07],
[34,101.61],
[4,85.57],
[4,85.86],
[15,71.66],
[3,122.15],
[74,134.08],
[1225,55.12],
[3,38.48],
[3,139.33],
[9,55.05],
[-5,93.47],
[7,142.85],
[4,55.01],
[5,71.47],
[4,88.94],
[2222,80.90],
[3,64.92],
[6,95.42],
[16,123.20],
[3,112.09],
[7,68.39],
[5,139.30],
[401,76.35],
[28,85.89],
[11,103.04],
[238,72.83],
[23,52.74],
[5,72.26],
[4,36.91],
[9,31.71],
[22,51.15],
[514,117.16],
[-3,81.86],
[-5,29.18],
[3,163.47],
[104,106.25],
[1476,47.93],
[6,94.30],
[38,47.68],
[27,38.48],
[4,111.75],
[32,40.62],
[5,103.04],
[10,132.03],
[4,82.43],
[28,116.15],
[16,62.38],
[3,80.90],
[852,118.18],
[3,52.87],
[10,70.51],
[4,69.79],
[3,113.10],
[5,70.31],
[6,73.78],
[6,53.76],
[101,82.48],
[118,22.60],
[3,90.99],
[4,45.25],
[5,118.18],
[66,122.50],
[3,117.16],
[22,60.23],
[2826,59.75],
[3,75.77],
[4,69.79],
[11,76.50],
[568,77.65],
[74,120.55],
[6,66.63],
[35,41.07],
[12,67.85],
[5,31.98],
[4,95.69],
[68,71.07],
[3,90.96],
[4,66.79],
[5,92.91],
[13,36.62],
[287,39.33],
[3,72.04],
[10,64.63],
[3,88.47],
[3,130.78],
[3,151.39],
[3,59.83],
[5,70.80],
[3,53.68],
[1162,99.02],
[22,101.15],
[18,83.49],
[14,108.70],
[4,50.24],
[55,128.75],
[3,11.27],
[41,120.46],
[3,51.47],
[18,97.00],
[3,59.64],
[3,107.55],
[3,68.91],
[6,101.98],
[65,154.94],
[3,85.14],
[4,167.92],
[82,73.07],
[5,59.28],
[1509,115.13],
[3,97.03],
[63,104.06],
[36,95.17],
[8,68.00],
[525,95.94],
[121,42.55],
[23,114.62],
[3,97.03],
[3,145.87],
[4,61.13],
[6,83.32],
[22,47.83],
[15,54.71],
[3,53.70],
[30,97.03],
[79,161.49],
[5,33.69],
[123,106.61],
[3,125.62],
[6,46.25],
[5,66.34],
[9,139.33],
[5,87.41],
[23,147.39],
[3,67.51],
[9,87.41],
[3982,35.61],
[1207,120.55],
[14,103.04],
[3,128.59],
[3,85.85],
[3,32.45],
[3,68.43],
[3,91.43],
[-7,103.54],
[4,103.65],
[41,73.85],
[3,88.49],
[18,76.50],
[-10,139.33],
[4,39.66],
[5,57.07],
[5,49.87],
[5,102.62],
[3,99.27],
[1614,84.92],
[3,72.32],
[3,69.30],
[14,90.54],
[3,70.26],
[4,76.56],
[4,51.56],
[7,109.13],
[4,108.96],
[12,35.95],
[31,117.16],
[54,70.51],
[32,83.32],
[12,61.27],
[9,103.54],
[8,85.89],
[154,89.47],
[3,56.98],
[165,78.92],
[3,60.22],
[268,53.22],
[63,133.29],
[14,51.79],
[5,78.45],
[3,109.09],
[5,79.00],
[3,139.30],
[11,122.50],
[7,114.12],
[413,139.33],
[207,116.15],
[5,86.45],
[5,134.14],
[472,131.90],
[7,94.30],
[3,60.63],
[174,48.64],
[39,127.22],
[3,83.47],
[-27,139.33],
[4,64.32],
[6,53.93],
[10,91.78],
[364,50.35],
[3,68.72],
[283,60.48],
[-11,93.58],
[3,125.62],
[-66,71.88],
[27,122.50],
[3,72.95],
[4,39.69],
[834,68.38],
[2045,130.25],
[18,88.06],
[6,100.71],
[3,128.75],
[-3,130.25],
[55,85.89],
[7,51.71],
[19,125.62],
[75,89.60],
[314,63.95],
[6,26.64],
[3,84.77],
[445,117.11],
[3,101.27],
[4,61.45],
[5,94.32],
[38,120.55],
[17,120.55],
[3,127.07],
[282,131.54],
[3,154.38],
[3,128.75],
[11,82.39],
[4,95.69],
[99,50.41],
[-13,105.36],
[3,58.53],
[47,103.04],
[3,100.24],
[9,83.01],
[4,38.20],
[13,92.38],
[8,70.11],
[206,66.88],
[3,88.73],
[3,56.97],
[14,147.39],
[35,90.96],
[3,139.33],
[3,108.96],
[10,78.87],
[13,80.90],
[1119,59.53],
[3,78.79],
[18,133.90],
[18,67.26],
[6,100.52],
[-8,202.78],
[211,59.63],
[169,127.22],
[3,93.70],
[-11,80.75],
[11,61.75],
[9,154.94],
[4,68.75],
[29,74.86],
[249,65.39],
[3,52.21],
[63,10.23],
[4,88.06],
[10,89.47],
[6,72.52],
[3,103.70],
[24,114.62],
[4,181.62],
[-4,55.35],
[4,55.39],
[-9,91.78],
[3,70.32],
[-4,158.44],
[3,60.19],
[4,144.35],
[8,101.27],
[12,51.82],
[3,100.24],
[12,103.04],
[27,83.10],
[232,76.23],
[9,64.62],
[54,91.43],
[5,51.44],
[81,139.30],
[123,80.90],
[109,35.10],
[5,103.65],
[-6,52.70],
[4,80.20],
[20,117.11],
[4,53.14],
[10,154.94],
[3,80.90],
[-4,117.16],
[5,108.27],
[133,130.25],
[4,66.09],
[5,62.97],
[50,-3.05],
[115,144.35],
[8,75.88],
[9,33.59],
[-9,123.93],
[15,46.98],
[14,104.08],
[4,59.68],
[14,51.16],
[290,7.86],
[17,104.06],
[6,100.24],
[8,93.58],
[3,117.67],
[88,120.26],
[63,100.07],
[17,61.27],
[4,53.33],
[3,79.16],
[23,58.42],
[40,88.91],
[3,52.68],
[7,85.14],
[5,34.59],
[8,73.17],
[3,62.75],
[3,127.22],
[842,90.96],
[3,58.87],
[10,139.33],
[73,35.61],
[5,50.61],
[9,86.62],
[-6,160.48],
[432,26.80],
[4,113.35],
[235,83.75],
[3,39.25],
[95,121.50],
[14,127.22],
[284,92.86],
[42,62.59],
[1897,66.10],
[1733,108.70],
[4,85.16],
[307,109.13],
[12,61.31],
[5,6.39],
[24,127.07],
[5,98.68],
[574,92.06],
[7,109.04],
[100,65.30],
[40,144.04],
[5,133.29],
[2616,81.86],
[-5,86.71],
[4,71.07],
[10,161.49],
[3,103.38],
[4,75.50],
[-8,160.48],
[36,134.14],
[5,87.95],
[20,52.80],
[314,54.37],
[4,85.25],
[160,160.48],
[67,43.73],
[30,92.93],
[3,130.25],
[-8,139.33],
[88,108.96],
[3,117.80],
[5,120.21],
[444,108.96],
[7,79.89],
[3,60.91],
[-5,38.60],
[9,74.52],
[20,98.25],
[413,94.51],
[145,103.70],
[3,35.35],
[66,63.95],
[7,113.70],
[3236,7.50],
[3,39.96],
[10,66.37],
[3,51.36],
[135,139.33],
[3,93.01],
[3,72.62],
[4,108.96],
[3,66.71],
[5,59.07],
[19,102.99],
[4,115.13],
[22,108.70],
[7,80.10],
[5,134.08],
[3,118.18],
[6,127.22],
[6,108.96],
[194,57.11],
[227,110.82],
[7,45.57],
[10,59.64],
[5,35.76],
[46,120.11],
[8,151.00],
[66,29.56],
[8,132.03],
[19,22.33],
[24,100.07],
[3,90.38],
[23,89.61],
[4,79.35],
[71,128.75],
[41,44.65],
[21,142.85],
[4,109.13],
[3,76.50],
[3,38.59],
[5,125.62],
[3,60.58],
[3,106.17],
[16,77.81],
[32,114.12],
[3,81.65],
[4,41.07],
[8,-6.02],
[3,144.35],
[3,70.30],
[7,151.00],
[5,44.57],
[19,85.14],
[3,94.99],
[26,95.69],
[3,115.13],
[55,147.39],
[-3,108.70],
[4,130.25],
[77,127.22],
[113,118.68],
[20,103.04],
[123,35.20],
[7,86.95],
[4,106.88],
[192,77.91],
[5,72.67],
[3,67.76],
[44,54.06],
[10,32.59],
[7,66.53],
[11,85.88],
[102,42.45],
[-3,96.11],
[3,123.20],
[5,78.77],
[7,114.12],
[5,85.16],
[3,85.07],
[10,160.48],
[99,95.69],
[5,117.16],
[37,147.39],
[3,37.09],
[690,79.36],
[1062,116.65],
[6,96.86],
[-4,99.23],
[1983,69.11],
[11,88.48],
[33,136.47],
[5,74.87],
[508,93.90],
[14,62.50],
[5,53.99],
[44,93.47],
[3,76.83],
[-3,114.62],
[3,90.05],
[4,50.67],
[5,72.37],
[3,86.45],
[3,125.62],
[61,128.75],
[166,144.35],
[30,119.19],
[1297,58.41],
[3,87.80],
[262,72.87],
[3,96.63],
[-8,49.30],
[-8,109.79],
[-12,61.38],
[9,74.69],
[3,72.28],
[13,50.23],
[255,145.84],
[3,135.27],
[31,103.70],
[3,110.39],
[3,115.64],
[3,114.12],
[10,67.03],
[-5,93.58],
[4,113.10],
[754,87.26],
[4,76.34],
[-4,90.09],
[6,124.34],
[5,114.12],
[3,114.92],
[10,158.44],
[7,68.98],
[3,89.52],
[14,115.81],
[3,58.02],
[3,92.97],
[30,131.90],
[3,111.07],
[3,78.87],
[17,98.25],
[35,87.86],
[163,89.61],
[4,66.13],
[28,59.86],
[3,115.13],
[-3,90.09],
[11,183.66],
[-5,55.94],
[6,151.39],
[128,93.58],
[612,64.15],
[4,81.14],
[312,60.01],
[-6,134.08],
[5,50.41],
[-3,16.61],
[3,202.78],
[12,134.08],
[6,109.10],
[-5,122.50],
[4,80.07],
[-5,103.04],
[-3,153.54],
[5,80.78],
[5,100.24],
[19,61.91],
[-4,160.48],
[37,92.63],
[3,87.49],
[36,68.07],
[4,130.10],
[3,68.43],
[10,80.92],
[397,77.37],
[254,76.46],
[4,97.03],
[3,116.15],
[3,70.67],
[8,103.54],
[4,78.59],
[950,80.10],
[3,132.03],
[3,66.42],
[5,68.16],
[65,87.12],
[8,70.85],
[11,73.17],
[3,44.26],
[-12,139.33],
[6,78.55],
[-3,101.26],
[4,58.01],
[35,50.67],
[236,95.17],
[77,4.31],
[4,19.57],
[4,90.96],
[160,69.50],
[392,68.07],
[6,62.45],
[18,101.98],
[3,77.81],
[7,107.97],
[8,88.00],
[9,50.47],
[3,107.60],
[60,89.18],
[3,59.34],
[3,107.10],
[4,97.03],
[3,113.81],
[6,63.17],
[34,54.26],
[4,141.30],
[9,44.97],
[4,40.18],
[3,147.39],
[7,134.08],
[77,81.89],
[3,102.05],
[-50,76.89],
[42,127.22],
[103,60.18],
[-3,78.55],
[3,103.54],
[11,64.18],
[3,124.34],
[5,135.16],
[3,52.95],
[3,154.94],
[7,49.49],
[9,62.46],
[67,116.65],
[26,100.24],
[10,139.21],
[5,65.56],
[61,106.60],
[-3,115.13],
[3,90.32],
[-5,78.92],
[-4,144.35],
[4,139.33],
[-5,4.31],
[-3,97.03],
[5,86.71],
[1126,77.78],
[5,95.69],
[6,87.95],
[4,134.08],
[3,58.02],
[3,158.44],
[65,32.24],
[114,100.24],
[155,70.34],
[5,86.71],
[4,144.99],
[4,134.08],
[42,59.61],
[3,109.09],
[10,69.23],
[-16,92.86],
[7,68.98],
[3,57.18],
[54,62.76],
[579,49.52],
[3,83.10],
[3,70.71],
[5,94.60],
[46,54.70],
[4,65.56],
[10,6.61],
[3,103.62],
[-24,52.21],
[14,103.62],
[8,135.27],
[818,50.01],
[10,88.68],
[6,83.68],
[3,77.27],
[17,110.06],
[20,88.96],
[17,44.97],
[4,109.79],
[33,96.37],
[3,111.45],
[3,139.30],
[5,119.87],
[10,30.73],
[4,90.09],
[3,103.62],
[3,158.44],
[7,119.95],
[3,103.54],
[11,56.87],
[3,71.12],
[4,130.77],
[3,95.73],
[3,91.60],
[5,94.30],
[3,120.55],
[204,74.86],
[3,87.87],
[1047,65.30],
[139,69.84],
[3,35.95],
[-4,105.09],
[4,115.13],
[6,80.31],
[5,94.04],
[3,116.15],
[3,118.18],
[3,85.86],
[4,119.70],
[3,109.13],
[132,8.37],
[3,86.42],
[3,70.34],
[4,66.66],
[4,43.42],
[113,66.10],
[5,65.75],
[17,72.49],
[3,70.63],
[96,76.23],
[3,92.21],
[3,118.18],
[3,70.08],
[3,151.25],
[3,112.09],
[4,62.26],
[245,72.87],
[11,72.51],
[3,86.40],
[4,131.19],
[3,87.68],
[3,112.93],
[3,89.52],
[3,80.69],
[3,120.55],
[6,61.89],
[3,115.55],
[4,66.40],
[39,91.81],
[3,105.74],
[714,95.95],
[3,69.74],
[36,109.10],
[-11,127.22],
[4,33.46],
[4,151.00],
[138,108.98],
[3,44.71],
[6,-3.01],
[3,86.14],
[162,30.93],
[139,41.27],
[45,73.66],
[5,115.64],
[4,75.77],
[4,85.64],
[4,120.85],
[3,59.06],
[3,61.24],
[3,95.94],
[3,46.15],
[5,44.40],
[6,101.27],
[6,77.20],
[3,55.73],
[62,62.40],
[4,12.65],
[4,57.07],
[4,65.39],
[-15,58.79],
[-9,122.50],
[3,92.80],
[3,70.31],
[4,72.12],
[3,127.22],
[6,66.10],
[3,83.85],
[18,84.81],
[11,117.84],
[32,81.86],
[3,75.88],
[168,58.25],
[-13,103.38],
[6,129.00],
[4,67.65],
[-12,54.70],
[3,119.53],
[16,69.59],
[5,73.44],
[4,102.53],
[4,75.88],
[4,98.31],
[16,65.73],
[14,-7.28],
[-12,76.89],
[-13,119.19],
[10,24.10],
[3,135.27],
[3,79.00],
[3,66.37],
[8,121.22],
[3,83.32],
[4,34.93],
[7,117.11],
[7,63.23],
[4,70.10],
[4,90.38],
[3,77.10],
[3,80.19],
[3,79.89],
[-11,117.16],
[-6,96.58],
[-6,92.06],
[-4,98.68],
[9,83.32],
[3,55.37],
[6,68.00],
[3,100.71],
[-6,73.43],
[-4,116.65],
[4,130.77],
[6,50.67],
[3,40.90],
[4,46.51],
[3,61.93],
[-4,120.26],
[4,87.68],
[4,39.33],
[3,51.45],
[7,45.65],
[7,91.78],
[3,103.62],
[33,30.13],
[4,98.87],
[-4,135.27],
[3,61.24],
[3,95.00],
[6,64.27],
[3,181.62],
[15,46.98],
[3,60.63],
[3,116.15],
[3,114.62],
[3,46.85],
[3,108.98],
[3,78.87],
[4,83.01],
[1878,4.32],
[349,62.26],
[156,118.51],
[2295,24.49],
[165,98.01],
[55,73.73],
[1054,85.07],
[153,71.29],
[50,58.00],
[225,47.79],
[36,102.53],
[25,57.05],
[12,88.00],
[10,127.22],
[24,75.80],
[6,111.33],
[6,61.76],
[6,32.66],
[6,65.45],
[41,26.47],
[12,53.02],
[6,45.80],
[7,75.77],
[3,61.24],
[3,58.87],
[3,87.08],
[5,59.86],
[9,99.27],
[9,100.07],
[12,88.64],
[3,81.86],
[3,95.46],
[3,6.19],
[3,46.61],
[3,131.90],
[3,91.78],
[3,90.09],
[4,40.14],
[3,115.64],
[4,99.00],
[3,68.66],
[3,109.18],
[330,66.80],
[198,103.69],
[44,103.70],
[75,103.70],
[21,92.65],
[39,68.65],
[46,70.08],
[13,63.84],
[41,115.13],
[23,106.60],
[12,119.44],
[10,133.90],
[8,130.85],
[17,118.18],
[8,87.87],
[9,151.39],
[10,66.65],
[7,109.09],
[4,79.99],
[5,184.84],
[4,95.42],
[8,110.06],
[6,70.08],
[3,100.24],
[3,89.59],
[6,124.69],
[3,114.12],
[3,118.18],
[7,134.08],
[4,78.25],
[222,46.17],
[79,88.00],
[107,108.63],
[21,102.53],
[11,95.95],
[9,64.92],
[7,149.90],
[18,52.02],
[29,61.38],
[9,64.68],
[29,34.26],
[6,97.03],
[30,51.28],
[5,117.16],
[3,66.21],
[-3,82.93],
[-3,66.34],
[-3,142.54],
[-3,56.98],
[-11,54.88],
[-4,93.58],
[-5,192.99],
[-5,66.37],
[-6,96.14],
[-6,76.50],
[-7,135.27],
[-23,103.04],
[-8,129.00],
[-36,108.63],
[-14,86.26],
[526,106.60],
[1095,78.87],
[198,124.69],
[22,9.11],
[15,63.70],
[159,60.71],
[42,141.36],
[8,118.18],
[68,106.60],
[8,81.86],
[4,83.10],
[5,42.71],
[3,108.27],
[3,90.33],
[7,135.47],
[3,43.21],
[4,80.84],
[4,73.85],
[-3,92.97],
[-5,151.00],
[-5,145.84],
[-4,110.06],
[-4,136.62],
[-5,102.53],
[-11,101.27],
[377,117.11],
[112,102.05],
[92,12.33],
[30,80.10],
[12,97.70],
[37,109.63],
[16,67.76],
[19,116.65],
[11,52.87],
[6,75.62],
[5,73.80],
[5,71.97],
[5,80.20],
[6,87.75],
[4,67.53],
[4,144.35],
[9,106.28],
[3,64.94],
[3,116.57],
[3,66.53],
[3,71.14],
[3,67.33],
[4,70.63],
[8,95.69],
[6,51.74],
[7,139.33],
[4,90.65],
[5,70.08],
[3,95.95],
[3,57.58],
[3,110.06],
[3,91.74],
[3,85.89],
[3,112.09],
[3,134.08],
[3,34.16],
[4,175.56],
[3,102.62],
[3,82.39],
[3,114.12],
[1902,108.27],
[572,30.06],
[150,64.22],
[41,31.55],
[37,83.85],
[36,134.08],
[118,103.34],
[21,63.86],
[52,75.77],
[29,73.27],
[14,102.62],
[10,96.11],
[10,129.00],
[9,63.86],
[9,67.32],
[33,62.96],
[5,69.50],
[7,103.70],
[3,95.69],
[3,86.71],
[3,53.12],
[9,103.85],
[5,82.39],
[4,81.42],
[3,68.77],
[4,118.18],
[609,22.30],
[306,59.28],
[53,102.53],
[65,126.20],
[11,67.35],
[6,100.24],
[120,122.50],
[11,64.92],
[4,95.69],
[6,60.31],
[3,135.27],
[16,82.39],
[3,52.12],
[3,103.01],
[3,82.43],
[-4,132.54],
[-3,77.10],
[251,43.95],
[294,74.52],
[86,127.07],
[41,105.09],
[60,101.98],
[6,68.69],
[12,125.62],
[3,135.38],
[3,115.13],
[-9,60.74],
[1393,118.18],
[333,107.01],
[187,54.73],
[91,61.53],
[656,96.02],
[18,76.38],
[513,110.50],
[39,108.14],
[84,81.77],
[7,118.18],
[25,103.62],
[5,79.16],
[17,59.59],
[4,60.51],
[4,51.70],
[4,75.50],
[4,124.34],
[15,56.76],
[11,135.27],
[26,69.79],
[8,100.51],
[11,63.63],
[4,101.55],
[4,75.32],
[4,103.38],
[4,97.22],
[13,106.60],
[5,170.46],
[7,61.89],
[4,61.53],
[3,124.34],
[3,88.73],
[3,95.94],
[3,68.68],
[3,78.77],
[3,101.98],
[3,109.09],
[3,122.50],
[3,43.50],
[3,69.11],
[3,81.35],
[7,142.85],
[4,78.97],
[4,51.59],
[3,107.01],
[3,84.26],
[6,88.48],
[4,103.34],
[4,82.11],
[3,76.75],
[4,106.25],
[3,82.39],
[3,135.27],
[3,118.18],
[3,4.56],
[3,89.09],
[3,117.16],
[3,80.96],
[3,108.83],
[-3,66.10],
[-5,105.88],
[-7,91.60],
[-4,35.61],
[-5,81.86],
[316,76.83],
[387,142.54],
[424,88.49],
[150,181.62],
[25,55.07],
[91,80.46],
[20,81.86],
[56,57.92],
[20,31.43],
[8,73.80],
[6,80.07],
[11,139.56],
[10,86.40],
[8,95.69],
[27,75.50],
[4,103.04],
[5,78.92],
[3,118.18],
[5,52.13],
[8,80.78],
[4,139.33],
[4,109.10],
[4,76.97],
[9,61.33],
[3,126.45],
[3,80.06],
[3,90.99],
[7,65.78],
[-4,127.22],
[970,103.34],
[1132,83.75],
[1841,89.69],
[816,52.31],
[90,64.59],
[160,98.87],
[599,70.46],
[19,96.06],
[108,95.94],
[58,95.44],
[27,70.35],
[795,92.97],
[9,66.97],
[67,70.73],
[9,49.00],
[21,94.99],
[8,147.39],
[19,104.82],
[11,54.71],
[5,95.17],
[8,103.62],
[5,75.54],
[6,81.42],
[3,91.78],
[4,89.61],
[3,95.17],
[3,125.62],
[5,66.79],
[4,120.97],
[9,35.10],
[4,102.62],
[6,87.95],
[3,112.65],
[69,1.97],
[116,95.00],
[27,47.06],
[11,139.30],
[11,100.24],
[5,89.61],
[5,103.34],
[4,142.85],
[4,67.54],
[3,151.00],
[3,86.45],
[3,69.79],
[128,94.30],
[229,86.25],
[64,92.06],
[42,87.95],
[23,91.81],
[19,109.04],
[15,103.01],
[24,103.57],
[17,105.09],
[9,89.86],
[8,118.18],
[15,53.51],
[6,117.11],
[11,95.42],
[3,124.69],
[3,63.06],
[6,87.95],
[3,74.52],
[3,89.52],
[4,112.59],
[-4,64.45],
[420,88.00],
[42,155.27],
[29,120.55],
[87,74.65],
[23,88.96],
[19,87.95],
[35,71.28],
[15,145.84],
[10,81.14],
[10,136.47],
[36,88.00],
[8,103.54],
[14,117.11],
[18,69.23],
[5,72.19],
[5,134.08],
[8,118.18],
[9,72.47],
[3,116.15],
[6,136.62],
[3,94.30],
[3,103.62],
[4,19.46],
[-4,36.36],
[947,46.91],
[1486,56.10],
[76,151.00],
[138,84.37],
[78,73.81],
[28,128.75],
[206,105.11],
[41,110.06],
[10,75.14],
[12,30.61],
[13,98.72],
[12,24.33],
[11,88.83],
[10,71.45],
[43,73.16],
[27,89.34],
[8,74.02],
[7,65.02],
[25,107.01],
[6,86.59],
[24,71.94],
[31,121.02],
[64,119.95],
[4,117.67],
[4,120.26],
[11,78.92],
[8,77.20],
[3,118.85],
[3,125.44],
[3,111.07],
[3,202.78],
[3,144.63],
[3,96.96],
[8,80.78],
[5,132.54],
[5,102.45],
[5,95.94],
[5,87.95],
[6,89.71],
[16,28.49],
[4,99.41],
[6,87.13],
[4,91.17],
[7,101.61],
[3,27.91],
[5,149.90],
[3,128.75],
[5,68.07],
[5,73.34],
[5,101.37],
[3,83.85],
[5,97.34],
[-5,58.87],
[-4,69.79],
[-3,85.92],
[-3,109.13],
[-7,103.70],
[-4,89.60],
[-6,88.91],
[-4,144.35],
[-5,90.13],
[-4,73.85],
[-5,86.42],
[-4,122.15],
[-6,76.46],
[-10,122.06],
[-8,54.21],
[-9,-8.53],
[-3,65.61],
[-13,90.05],
[-28,79.68],
[-37,83.99],
[-6,94.56],
[-5,170.46],
[-6,109.13],
[-7,101.27],
[-13,80.31],
[-4,45.23],
[-3,108.83],
[-3,89.52],
[-39,130.77],
[-6,68.94],
[-4,87.68],
[862,123.66],
[308,151.00],
[82,92.97],
[208,153.54],
[9,135.27],
[132,77.40],
[54,134.08],
[20,45.65],
[184,75.88],
[7,117.16],
[32,102.53],
[97,139.33],
[121,120.55],
[37,133.29],
[3,123.20],
[3,103.01],
[4,158.44],
[54,145.84],
[15,127.22],
[6,46.87],
[43,130.77],
[3,84.90],
[3,126.45],
[3,120.55],
[4,40.01],
[97,104.82],
[23,130.25],
[3,117.16],
[4,55.18],
[10,60.61],
[3,71.08],
[3,79.35],
[10,151.00],
[5,137.99],
[7,108.96],
[16,78.87],
[3,96.06],
[3,90.94],
[3,73.25],
[3,101.31],
[3,77.74],
[3,80.60],
[6,87.19],
[9,102.53],
[6,77.78],
[3,70.93],
[3,106.90],
[3,97.72],
[3,78.87],
[4,73.38],
[-3,76.20],
[-3,62.52],
[-3,127.22],
[-5,109.10],
[-4,80.33],
[-4,73.14],
[-4,102.62],
[-5,128.69],
[-5,116.91],
[-3,120.55],
[-3,80.31],
[-5,64.02],
[-4,153.54],
[-6,58.51],
[-3,59.75],
[-3,89.53],
[-3,103.54],
[-6,151.00],
[-5,85.57],
[-4,84.84],
[-5,77.82],
[617,8.58],
[193,101.27],
[1778,60.03],
[293,19.45],
[107,117.50],
[460,62.17],
[635,107.91],
[212,100.24],
[66,66.15],
[9,27.83],
[5,95.44],
[23,73.38],
[23,53.86],
[67,81.86],
[3,127.07],
[4,114.07],
[3,127.22],
[3,78.20],
[4,127.22],
[4,70.10],
[60,66.40],
[6,58.20],
[4,74.07],
[3,101.27],
[7,88.91],
[6,86.60],
[4,117.16],
[3,79.89],
[5,88.00],
[4,124.69],
[3,106.60],
[-3,73.38],
[-6,133.29],
[-3,79.81],
[-4,98.25],
[-4,78.87],
[-3,70.08],
[144,76.21],
[190,23.58],
[86,82.81],
[79,160.48],
[40,137.46],
[8,62.07],
[26,78.81],
[12,160.48],
[6,41.73],
[5,6.39],
[19,36.66],
[8,74.28],
[11,50.21],
[7,100.51],
[5,172.55],
[4,72.52],
[3,116.15],
[3,100.24],
[3,70.80],
[224,77.78],
[69,110.06],
[64,120.81],
[52,66.40],
[37,59.28],
[27,64.73],
[26,24.53],
[11,73.85],
[15,90.38],
[11,126.24],
[13,78.77],
[9,107.91],
[8,70.08],
[5,103.57],
[4,69.68],
[4,80.79],
[3,86.93],
[-3,49.49],
[-4,118.18],
[-3,64.23],
[-4,81.73],
[567,65.79],
[260,117.67],
[332,94.30],
[86,103.65],
[20,33.74],
[44,42.47],
[16,85.30],
[12,126.20],
[4,114.62],
[7,66.10],
[7,90.09],
[3,69.53],
[3,139.33],
[6,139.33],
[-5,139.33],
[-10,80.47],
[-5,121.46],
[-3,134.08],
[-7,103.04],
[100,97.00],
[25,67.66],
[46,66.79],
[15,41.87],
[37,60.48],
[7,127.07],
[4,2.10],
[9,64.11],
[5,62.87],
[5,63.08],
[4,58.94],
[-4,103.38],
[-7,181.62],
[-14,128.75],
[1997,204.81],
[1062,204.81],
[776,59.05],
[322,117.84],
[194,204.81],
[43,103.34],
[463,69.17],
[91,139.33],
[344,86.49],
[48,102.05],
[32,72.89],
[30,184.84],
[22,204.81],
[25,123.93],
[7,66.78],
[36,54.70],
[10,168.80],
[4,136.47],
[5,94.17],
[3,91.60],
[3,81.14],
[6,204.81],
[3,84.99],
[6,204.81],
[3,204.81],
[3,204.81],
[8,134.08],
[6,63.68],
[3,202.78],
[50,33.07],
[8,92.06],
[8,72.62],
[-3,92.65],
[-4,80.06],
[121,43.85],
[137,62.79],
[86,117.16],
[25,91.17],
[38,71.20],
[11,80.33],
[9,76.97],
[12,57.22],
[31,57.97],
[19,111.07],
[11,69.06],
[5,43.27],
[5,57.99],
[4,54.00],
[4,50.91],
[4,70.46],
[3,130.77],
[47,35.13],
[8,97.37],
[7,90.96],
[3,45.47],
[7,113.10],
[12,80.69],
[6,48.10],
[3,74.86],
[3,56.25],
[3,15.64],
[3,88.73],
[3,79.26],
[3,78.81],
[3,127.22],
[3,39.21],
[4,108.98],
[3,103.85],
[3,52.94],
[4,75.32],
[-5,105.09],
[3,81.65],
[3,19.63],
[-12,90.96],
[-6,31.10],
[-6,62.88],
[-11,103.34],
[27,103.01],
[39,97.00],
[24,24.25],
[8,75.50],
[3,116.15],
[4,66.10],
[3,115.64],
[4,74.27],
[1522,73.17],
[3671,80.11],
[2445,31.12],
[1970,65.56],
[781,86.97],
[290,59.29],
[112,113.10],
[380,68.30],
[46,63.36],
[83,62.17],
[77,104.82],
[156,29.69],
[35,100.55],
[513,94.92],
[139,103.01],
[54,70.14],
[76,61.24],
[20,56.66],
[19,135.16],
[17,80.59],
[25,80.92],
[31,73.78],
[85,67.64],
[22,80.50],
[11,23.18],
[48,71.16],
[64,102.05],
[29,64.67],
[16,102.05],
[13,78.87],
[7,108.03],
[5,120.26],
[6,37.76],
[10,126.45],
[9,113.61],
[6,115.13],
[4,56.98],
[4,108.70],
[4,35.23],
[5,77.05],
[7,108.70],
[7,115.13],
[3,73.80],
[3,70.10],
[4,72.83],
[4,119.63],
[3,88.00],
[3,15.79],
[3,97.00],
[4,126.15],
[3,62.70],
[4,76.49],
[3,37.46],
[3,75.62],
[3,40.53],
[4,78.87],
[5,88.68],
[5,110.82],
[3,85.16],
[3,93.70],
[3,63.61],
[3,151.00],
[3,111.51],
[3,81.73],
[3,62.15],
[3,56.66],
[3,139.30],
[7,84.84],
[3,202.78],
[3,75.35],
[4,77.33],
[3,74.02],
[4,90.99],
[3,11.77],
[4595,102.53],
[1682,117.67],
[1222,74.81],
[4627,101.27],
[1136,55.41],
[844,108.96],
[221,68.26],
[2260,97.03],
[138,69.53],
[586,80.73],
[285,80.24],
[22,75.88],
[268,74.61],
[109,49.89],
[40,67.08],
[394,50.19],
[26,108.14],
[54,64.09],
[41,108.27],
[290,108.70],
[135,102.62],
[121,118.68],
[379,24.10],
[19,116.65],
[34,125.62],
[5,51.25],
[21,35.76],
[16,134.08],
[4,62.45],
[4,95.94],
[4,52.49],
[4,57.88],
[4,45.75],
[4,71.28],
[4,127.22],
[3,77.04],
[4,77.63],
[5,90.33],
[33,76.59],
[11,88.92],
[7,66.42],
[11,160.48],
[7,102.78],
[6,119.53],
[6,67.38],
[50,118.18],
[53,78.87],
[4,170.46],
[3,79.65],
[4,119.19],
[4,66.64],
[3,54.73],
[3,55.41],
[4,89.86],
[4,127.22],
[4,61.33],
[4,118.68],
[4,96.29],
[4,44.97],
[3,130.77],
[4,82.13],
[3,101.55],
[3,94.30],
[3,57.70],
[3,80.00],
[3,76.50],
[3,46.61],
[3,100.40],
[3,59.47],
[3,80.70],
[3,73.30],
[3,112.64],
[3,158.44],
[3,52.02],
[3,137.18],
[3,83.97],
[3,134.08],
[3,120.26],
[3,163.47],
[88,139.33],
[10,66.88],
[7,83.61],
[12,103.12],
[75,160.48],
[6,20.80],
[8,102.62],
[7,77.08],
[9,82.39],
[30,95.95],
[11,55.95],
[5,76.55],
[4,74.39],
[3,29.22],
[4,77.65],
[4,49.17],
[8,85.86],
[6,72.04],
[5,118.18],
[3,102.62],
[3,115.13],
[3,96.02],
[3,93.58],
[3,97.70],
[3,43.40],
[3,134.08],
[3,72.83],
[3,80.33],
[3,80.90],
[3,90.33],
[3,64.82],
[3,103.62],
[3,89.61],
[3,92.97],
[3,132.03],
[3,186.65],
[3,103.04],
[3,71.58],
[3,81.79],
[3,86.45],
[3,60.01],
[3,103.62],
[3,69.16],
[3,98.87],
[3,55.89],
[3,94.60],
[3,98.25],
[3,48.10],
[3,151.39],
[3,68.90],
[3,56.20],
[3,62.87],
[3,95.17],
[3,112.09],
[5,95.46],
[4,84.45],
[3,64.80],
[4,40.09],
[3,90.13],
[3,92.97],
[3,167.03],
[8,86.25],
[4,101.27],
[4,111.53],
[3,76.50],
[5,130.77],
[3,133.26],
[3,55.95],
[3,63.72],
[4,118.18],
[5,81.26],
[3,107.10],
[3,104.82],
[4,60.56],
[3,72.74],
[3,78.87],
[4,43.61],
[4,133.29],
[3,93.70],
[817,44.26],
[248,60.03],
[173,76.59],
[60,131.90],
[40,21.06],
[19,139.33],
[20,35.66],
[30,36.21],
[5,134.08],
[5,112.09],
[5,158.44],
[9,119.95],
[9,101.27],
[3,103.62],
[4,84.90],
[3,128.65],
[7,88.00],
[5,85.02],
[5,48.55],
[3,83.75],
[3,198.72],
[3,114.12],
[232,151.25],
[102,108.70],
[31,36.79],
[42,131.90],
[95,82.93],
[22,122.50],
[11,83.32],
[9,144.35],
[27,86.71],
[8,66.80],
[4,117.16],
[4,127.22],
[4,84.05],
[3,85.38],
[3,28.70],
[3,62.79],
[3,115.64],
[-4,43.54],
[1229,1.40],
[910,106.53],
[215,87.80],
[2138,91.84],
[68,74.49],
[115,87.54],
[514,27.00],
[57,109.09],
[20,91.57],
[20,109.10],
[275,37.99],
[39,117.16],
[13,54.14],
[65,103.62],
[62,71.05],
[19,46.73],
[10,154.94],
[8,95.69],
[7,103.13],
[7,84.45],
[7,80.90],
[121,95.69],
[7,103.04],
[7,36.28],
[10,181.62],
[5,85.07],
[5,85.07],
[22,84.15],
[4,109.13],
[4,115.81],
[4,48.28],
[4,35.77],
[4,71.82],
[4,71.29],
[9,102.62],
[8,63.61],
[3,124.69],
[3,154.94],
[3,98.38],
[3,73.57],
[3,142.85],
[3,53.40],
[3,86.17],
[5,81.42],
[5,108.83],
[8,59.28],
[5,47.39],
[23,117.67],
[3,139.33],
[3,119.40],
[3,63.49],
[4,97.34],
[-9,83.90],
[-4,103.04],
[-6,63.87],
[-5,93.33],
[-3,69.30],
[-8,50.67],
[-5,95.00],
[-4,133.26],
[-5,108.98],
[-6,73.41],
[-14,61.67],
[61,89.47],
[1033,21.98],
[319,82.76],
[131,54.85],
[703,93.95],
[61,62.76],
[19,63.28],
[152,107.01],
[10,95.69],
[36,107.60],
[6,18.44],
[5,73.17],
[13,122.50],
[4,60.69],
[6,73.85],
[12,87.28],
[5,116.15],
[9,103.04],
[4,87.28],
[3,56.97],
[3,89.52],
[3,109.10],
[6,54.73],
[4,73.17],
[6,123.56],
[15,137.99],
[3,108.27],
[3,63.40],
[3,69.79],
[-3,139.33],
[-5,125.62],
[-3,102.05],
[-16,79.94],
[-4,111.51],
[-3,181.62],
[-4,76.59],
[398,107.60],
[428,35.00],
[14,103.65],
[14,95.69],
[38,62.82],
[56,122.50],
[22,103.34],
[5,103.54],
[5,116.65],
[4,103.34],
[7,112.43],
[5,104.82],
[5,86.45],
[5,181.62],
[4,94.30],
[3,107.01],
[4,14.34],
[-3,108.70],
[404,12.75],
[103,64.62],
[256,50.24],
[82,82.48],
[229,90.96],
[732,71.58],
[36,37.88],
[264,51.20],
[41,81.97],
[37,59.07],
[57,69.45],
[13,82.39],
[72,68.42],
[32,38.48],
[30,69.67],
[12,38.21],
[11,80.78],
[30,124.34],
[5,50.13],
[4,103.04],
[4,109.13],
[4,90.96],
[4,56.83],
[11,87.31],
[3,91.43],
[4,72.04],
[3,104.98],
[4,36.79],
[3,119.95],
[3,47.75],
[3,91.61],
[3,68.10],
[4,62.14],
[3,89.90],
[3,57.77],
[3,85.89],
[7,115.55],
[7,116.15],
[3,108.37],
[-6,87.28],
[-13,71.15],
[608,104.98],
[1209,95.92],
[243,28.21],
[269,139.33],
[171,86.22],
[41,61.47],
[133,69.79],
[75,92.43],
[106,74.50],
[36,101.37],
[40,21.70],
[22,118.51],
[24,83.89],
[18,108.63],
[10,46.88],
[14,56.37],
[17,63.17],
[16,103.54],
[3,75.69],
[3,83.32],
[8,139.30],
[17,62.81],
[12,142.85],
[6,45.50],
[23,75.88],
[4,19.83],
[7,129.35],
[5,52.13],
[3,77.51],
[3,87.87],
[3,93.92],
[3,41.48],
[9,130.25],
[10,63.95],
[10,65.68],
[4,105.41],
[7,66.74],
[5,47.43],
[5,59.16],
[4,68.67],
[5,60.06],
[3,117.16],
[3,77.81],
[3,127.22],
[4,62.63],
[3,75.43],
[3,108.14],
[-3,85.10],
[-3,108.03],
[-6,118.68],
[-3,67.98],
[-5,50.51],
[-3,82.55],
[-5,99.74],
[-3,142.85],
[-7,74.50],
[-17,117.84],
[-4,70.53],
[-4,111.24],
[-5,127.07],
[-4,75.50],
[-11,139.33],
[-5,65.25],
[-5,108.70],
[-11,120.26],
[-3,126.20],
[-14,99.23],
[-5,44.31],
[2417,60.27],
[900,86.45],
[117,45.77],
[431,65.75],
[158,92.06],
[266,68.10],
[23,151.00],
[43,11.63],
[206,109.13],
[69,64.53],
[13,61.45],
[13,160.48],
[34,92.97],
[19,104.06],
[34,80.19],
[80,76.55],
[24,122.41],
[6,108.96],
[8,131.90],
[5,67.39],
[4,80.78],
[5,88.91],
[9,131.90],
[13,183.66],
[4,97.00],
[3,60.33],
[6,76.56],
[4,103.13],
[5,117.16],
[3,85.88],
[3,127.22],
[3,130.78],
[5,86.71],
[4,108.96],
[3,83.01],
[73,121.17],
[109,139.33],
[576,147.09],
[48,40.09],
[137,64.53],
[13,119.16],
[10,142.85],
[18,80.90],
[9,100.55],
[9,46.61],
[8,63.58],
[102,133.29],
[25,84.35],
[14,69.50],
[5,141.58],
[5,48.10],
[13,156.42],
[10,171.36],
[4,102.05],
[4,118.06],
[4,135.27],
[5,91.95],
[11,111.51],
[10,76.50],
[4,65.28],
[4,75.14],
[3,128.16],
[8,142.85],
[3,114.12],
[-3,121.08],
[442,51.31],
[87,43.99],
[104,95.95],
[80,33.05],
[28,60.76],
[132,81.45],
[7,83.38],
[32,91.78],
[5,33.37],
[5,60.63],
[3,65.51],
[9,24.53],
[4,103.54],
[3,98.55],
[3,81.30],
[3,108.96],
[3,84.89],
[13,53.29],
[7,154.94],
[6,45.45],
[10,109.04],
[5,101.27],
[10,80.78],
[3,151.00],
[6,154.94],
[3,60.49],
[105,83.85],
[32,103.54],
[8,135.07],
[27,86.45],
[11,60.63],
[3,85.10],
[16,75.88],
[4,93.58],
[3,81.59],
[-5,132.03],
[-4,91.78],
[-8,126.79],
[227,97.03],
[87,38.97],
[93,106.60],
[16,81.42],
[4,80.07],
[5,181.62],
[12,97.00],
[4,108.67],
[6,66.68],
[-6,47.50],
[-5,139.30],
[-4,57.23],
[78,55.90],
[10,88.01],
[6,87.64],
[34,56.92],
[5,68.56],
[3,87.19],
[137,84.90],
[47,78.87],
[27,101.98],
[19,84.59],
[31,134.08],
[16,31.44],
[31,87.55],
[4,86.37],
[7,139.33],
[8,108.14],
[4,90.99],
[6,103.70],
[5,130.33],
[3,108.27],
[3,59.15],
[664,77.42],
[170,183.66],
[220,89.61],
[50,90.13],
[39,102.05],
[23,116.15],
[6,115.13],
[6,120.71],
[7,167.92],
[15,64.93],
[4,42.26],
[4,116.15],
[4,112.09],
[6,43.34],
[6,33.58],
[8,65.78],
[3,58.25],
[3,117.16],
[8,117.99],
[3,145.93],
[5,181.62],
[185,66.11],
[249,100.24],
[50,61.08],
[149,62.79],
[15,52.28],
[14,63.49],
[25,103.62],
[11,100.57],
[33,110.95],
[8,55.44],
[7,56.98],
[6,100.96],
[13,114.12],
[4,103.62],
[4,101.55],
[4,85.88],
[7,112.09],
[4,80.90],
[4,116.15],
[-9,75.06],
[-3,82.43],
[386,124.69],
[365,134.08],
[20,145.84],
[49,100.57],
[176,77.10],
[35,122.50],
[96,127.22],
[62,108.27],
[16,139.21],
[11,81.42],
[41,58.74],
[20,66.64],
[12,181.62],
[10,130.25],
[8,99.49],
[5,128.75],
[3,45.65],
[5,71.78],
[4,112.09],
[-4,64.31],
[-18,151.39],
[-16,66.87],
[-10,151.00],
[-8,102.62],
[-21,109.04],
[-3,81.86],
[-3,160.48],
[113,95.69],
[9,162.50],
[44,52.94],
[12,63.48],
[-6,76.73],
[66,73.13],
[29,95.67],
[12,53.37],
[8,70.22],
[15,12.90],
[17,60.10],
[5,57.92],
[4,86.17],
[8,54.01],
[5,67.53],
[3,110.06],
[3,153.54],
[3,47.79],
[3,100.24],
[3,114.07],
[6,42.17],
[3,66.40],
[3,66.10],
[-4,114.07],
],
