[[11,90.09],
[3,13.91],
[74,87.68],
[14,100.00],
[16,100.00],
[3,34.81],
[6,86.71],
[7,86.71],
[4,21.40],
[5,34.39],
[3,74.81],
[6,102.62],
[7,102.62],
[38,39.36],
[3,70.01],
[5,70.01],
[5,79.35],
[6,79.35],
[3,70.63],
[6,59.10],
[3,38.50],
[3,33.58],
[-6,57.17],
[5,85.38],
[7,85.38],
[111,73.17],
[127,73.17],
[8,66.79],
[9,66.79],
[4,55.42],
[15,114.07],
[16,114.07],
[18,48.90],
[22,48.90],
[45,49.31],
[56,49.31],
[4,97.00],
[6,97.00],
[1002,65.30],
[1385,65.30],
[4,95.94],
[5,95.94],
[-3,31.21],
[5,33.69],
[6,40.62],
[-3,96.11],
[-4,53.50],
[22,11.67],
[8,11.67],
[3,61.38],
[3,26.50],
[3,66.10],
[6,115.13],
[4,64.23],
[12,-4.01],
[18,109.13],
[4,34.96],
[14,89.52],
[36,38.39],
[20,139.33],
[-5,53.67],
[6,84.84],
[-7,139.33],
[3,139.33],
[3,88.59],
[5,74.14],
[17,85.88],
[3,52.33],
[20,139.33],
[5,181.62],
[3,77.20],
[7,78.33],
[7,39.97],
[10,22.62],
[12,6.39],
[4,15.12],
[849,21.28],
[3,40.19],
[5,19.38],
[31,64.66],
[22,75.77],
[4,139.33],
[52,98.55],
[16,20.00],
[555,14.65],
[-5,87.95],
[123,51.74],
[8,95.69],
[10,70.63],
[7,94.56],
[4,42.55],
[-8,39.72],
[4,15.79],
[6,77.05],
[11,35.95],
[4,57.73],
[47,109.10],
[52,48.23],
[19,66.40],
[-4,139.33],
[-10,71.29],
[38,52.65],
[11,52.87],
[7,42.84],
[4,7.01],
[5,77.58],
[6,19.81],
[3,118.18],
[8,88.91],
[9,70.24],
[3,80.07],
[3,88.71],
[3,81.14],
[6,86.08],
[9,92.97],
[8,103.62],
[3,72.46],
[3,76.02],
[6,102.62],
[4,97.34],
[26,44.41],
[3,76.97],
[4,85.86],
[5,105.88],
[3,64.29],
[3,64.42],
[3,65.71],
[4,70.08],
[3,47.65],
[4,33.19],
[3,44.50],
[3,47.17],
[249,25.43],
[50,55.83],
[566,45.19],
[154,114.07],
[20,23.77],
[36,44.01],
[7,75.50],
[40,88.00],
[5,139.33],
[65,139.33],
[24,139.33],
[11,48.22],
[4,83.38],
[4,61.89],
[5,103.26],
[4,97.03],
[16,139.33],
[4,107.60],
[4,101.98],
[4,103.04],
[4,46.67],
[3,64.85],
[49,33.69],
[67,139.33],
[13,59.15],
[12,66.79],
[141,39.42],
[16,-6.05],
[5,35.27],
[6,61.38],
[8,41.33],
[10,139.33],
[11,139.33],
[6,25.47],
[3,139.33],
[-7,22.99],
[-12,139.33],
[14,25.34],
[11,54.88],
[8,2.58],
[4,29.48],
[4,42.72],
[4,79.56],
[4,6.97],
[3,57.23],
[3,70.14],
[3,41.01],
[3,58.73],
[3,14.71],
[21,88.00],
[4,70.67],
[34,8.60],
[5,43.48],
[3,139.33],
[-10,120.21],
[4,52.58],
[6,43.99],
[6,139.33],
[9,29.54],
[-5,19.87],
[-3,139.33],
[1542,64.47],
[113,54.34],
[3810,90.96],
[349,89.52],
[2848,47.42],
[95,139.33],
[12,26.01],
[96,26.13],
[38,25.52],
[12,79.71],
[658,59.05],
[201,53.61],
[78,31.74],
[34,139.33],
[6,86.71],
[12,45.00],
[37,35.31],
[41,139.33],
[17,53.66],
[9,68.83],
[12,32.00],
[56,139.33],
[4,17.62],
[4,71.78],
[88,34.24],
[9,12.05],
[6,38.13],
[3,51.33],
[3,80.78],
[3,95.69],
[3,65.80],
[17,42.50],
[7,139.33],
[12,139.33],
[5,31.90],
[4,17.29],
[10,44.41],
[3,52.02],
[3,36.05],
[3,52.09],
[3,83.75],
[7,139.33],
[12,139.33],
[4,25.90],
[3,139.33],
[3,139.33],
[3,65.80],
[3,41.67],
[3,139.33],
[3,33.25],
[376,61.38],
[389,83.01],
[74,80.47],
[258,139.33],
[52,52.09],
[15,46.47],
[124,139.33],
[30,20.35],
[18,139.33],
[5,22.12],
[4,67.82],
[4,62.63],
[4,139.33],
[8,139.33],
[12,36.46],
[13,12.52],
[4,69.79],
[5,45.85],
[27,41.61],
[6,59.95],
[5,139.33],
[5,70.11],
[22,60.84],
[3,38.06],
[7,107.33],
[25,99.00],
[13,139.33],
[3,139.30],
[5,42.72],
[3,54.05],
[40,61.75],
[18,49.70],
[17,60.04],
[22,29.18],
[17,16.98],
[16,62.11],
[11,28.41],
[5,51.18],
[9,2.11],
[9,62.79],
[4,53.02],
[5,52.65],
[4,8.43],
[3,25.32],
[4,86.71],
[8,45.00],
[5,17.60],
[4,59.44],
[5,38.67],
[3,22.23],
[3,28.90],
[3,21.59],
[3,46.33],
[3,13.89],
[4,32.04],
[3,76.56],
[3,44.41],
[3,-9.92],
[3,6.89],
[-3,51.07],
[11,23.37],
[6,51.12],
[-12,139.33],
[3,67.53],
[4,54.19],
[64,42.87],
[8,6.70],
[4,84.64],
[9,139.33],
[5,49.96],
[3,67.24],
[11,60.71],
[4,113.10],
[26,71.77],
[18,76.23],
[12,45.20],
[9,153.54],
[-3,69.15],
[-4,99.40],
[-3,134.08],
[7,101.27],
[3,48.68],
[-5,75.14],
[31,65.89],
[20,90.96],
[3,112.09],
[7,30.74],
[5,139.33],
[3,73.38],
[4,103.62],
],

