[[4,44.05],
[10,103.62],
[4,96.11],
[12,87.56],
[9,48.21],
[6,53.31],
[38,161.49],
[4,83.32],
[8,80.06],
[5,80.78],
[73,118.18],
[3,160.48],
[8,85.85],
[5,99.53],
[5,79.09],
[33,110.06],
[4,83.10],
[11,76.82],
[-7,124.34],
[12,71.63],
[11,151.00],
[3,102.05],
[69,100.24],
[8,109.13],
[82,77.46],
[11,101.27],
[3,118.68],
[3,154.94],
[6,118.18],
[10,78.25],
[27,91.66],
[6,84.01],
[19,183.66],
[14,112.14],
[7,53.50],
[5,95.70],
[-7,134.08],
[3,67.38],
[5,108.70],
[3,147.39],
[8,94.17],
[36,101.27],
[6,102.05],
[4,99.00],
[16,79.56],
[6,73.93],
[3,68.00],
[4,63.67],
[4,75.88],
[15,131.90],
[19,97.03],
[11,70.14],
[5,158.44],
[3,80.20],
[3,115.13],
[66,70.31],
[3,147.39],
[-3,62.88],
[8,66.92],
[4,140.68],
[41,156.42],
[40,69.81],
[3,127.22],
[7,96.02],
[3,108.96],
[8,116.65],
[34,66.80],
[7,51.21],
[6,97.00],
[21,78.87],
[6,160.48],
[12,103.54],
[3,65.46],
[3,65.79],
[3,19.87],
[8,58.85],
[-3,37.09],
[12,98.01],
[29,39.33],
[5,44.40],
[33,92.82],
[5,95.69],
[88,108.03],
[4,69.23],
[8,130.25],
[3,78.20],
[10,95.95],
[136,103.01],
[9,158.44],
[775,160.48],
[5,103.38],
[6,122.50],
[6,94.30],
[27,83.25],
[7,82.04],
[127,66.10],
[21,52.30],
[85,55.94],
[3,47.78],
[4,145.59],
[5,74.44],
[6,58.58],
[8,103.38],
[37,116.15],
[17,58.22],
[117,78.20],
[7,111.07],
[27,202.78],
[14,48.64],
[22,97.03],
[3,81.14],
[11,52.86],
[3,108.96],
[9,149.93],
[3,80.10],
[11,90.13],
[11,117.16],
[19,167.03],
[-5,79.15],
[18,52.86],
[-4,118.58],
[5,83.65],
[25,181.62],
[46,13.22],
[3,87.95],
[5,60.83],
[4,53.87],
[7,113.61],
[6,92.97],
[9,116.15],
[3,39.54],
[1294,97.03],
[3,88.91],
[199,95.73],
[4,77.67],
[4,56.57],
[-3,65.55],
[13,127.22],
[4,90.09],
[4,87.67],
[13,40.13],
[-3,42.21],
[5,119.70],
[105,91.81],
[22,103.54],
[4,63.76],
[4,51.16],
[195,30.16],
[3,115.13],
[5,40.92],
[4,67.36],
[3,106.60],
[-3,21.14],
[10,35.31],
[6,75.88],
[3,139.30],
[4,63.00],
[4,60.74],
[3,90.96],
[-3,136.47],
[3,40.61],
[27,79.31],
[12,100.24],
[8,135.27],
[218,50.70],
[20,98.31],
[1175,73.17],
[39,95.00],
[5,132.03],
[9,113.45],
[7,139.33],
[51,75.88],
[142,90.96],
[174,39.33],
[11,70.11],
[5,44.77],
[8,92.60],
[3,53.23],
[630,82.39],
[3,73.80],
[-3,116.15],
[14,60.63],
[222,108.96],
[4,75.50],
[8,87.68],
[4,108.95],
[3,115.64],
[4,100.24],
[-9,18.44],
[5,87.68],
[6,56.42],
[5,41.36],
[20,95.69],
[9,88.64],
[51,49.34],
[10,70.82],
[6,63.61],
[8,116.15],
[8,54.54],
[3,68.79],
[6,67.44],
[4,61.53],
[5,59.07],
[10,40.45],
[-3,167.92],
[13,53.37],
[3,93.70],
[5,26.08],
[3,78.87],
[6,109.63],
[-4,66.97],
[5,139.33],
[640,52.33],
[3,36.31],
[7,59.91],
[35,92.97],
[2319,60.42],
[10,58.62],
[24,63.86],
[8,95.94],
[9,54.10],
[134,35.31],
[4,99.17],
[13,96.37],
[3,76.46],
[10,75.50],
[19,13.32],
[331,63.58],
[3,60.23],
[5,52.29],
[-14,68.38],
[5,65.79],
[20,72.37],
[1637,76.67],
[6,95.17],
[4,139.33],
[55,46.61],
[1239,68.10],
[10,151.39],
[4,43.91],
[10,55.22],
[89,103.04],
[51,94.30],
[9,45.18],
[4,50.52],
[3,68.82],
[4,80.78],
[3,98.55],
[3,52.87],
[3,64.63],
[6,81.86],
[121,78.77],
[6,118.18],
[3,110.06],
[4,25.79],
[3,130.77],
[5,103.04],
[3,160.48],
[7,80.78],
[3,27.36],
[3,-7.03],
[10,80.99],
[11,87.68],
[3,114.12],
[4,78.33],
[6,76.89],
[7,130.25],
[10,127.22],
[4,116.15],
[3,84.18],
[4,81.42],
[26,92.97],
[15,109.13],
[8,63.84],
[15,51.08],
[49,99.00],
[5,60.84],
[18,82.39],
[6,58.40],
[4,99.73],
[9,43.66],
[8,52.02],
[4,59.60],
[-6,119.53],
[4,31.14],
[5,72.04],
[-8,88.91],
[19,66.40],
[3,25.81],
[24,42.72],
[3,37.55],
[20,86.71],
[-4,44.12],
[-4,86.62],
[4,78.77],
[4,73.38],
[3,63.11],
[4,95.44],
[15,63.71],
[5,130.25],
[56,38.04],
[35,118.85],
[9,56.98],
[11,154.94],
[13,49.30],
[4,75.32],
[4,77.10],
[3,60.46],
[-6,78.25],
[12,78.25],
[4,103.62],
[22,112.09],
[6,163.47],
[3,118.68],
[4,73.85],
[4,99.53],
[5,103.70],
[9,101.37],
[6,160.48],
[3,69.79],
[3,109.10],
[3,103.67],
[4,77.10],
[3,61.84],
[20,109.10],
[4,142.85],
[3,47.75],
[7,85.86],
[40,81.97],
[3,54.16],
[3,61.53],
[3,57.99],
[5,97.03],
[8,26.50],
[5,58.42],
[4,66.85],
[3,70.45],
[3,145.87],
[5,58.53],
[5,63.38],
[6,83.10],
[10,71.82],
[4,74.07],
[3,85.89],
[53,118.18],
[11,139.30],
[46,53.37],
[3,134.08],
[17,97.70],
[895,69.86],
[3,79.53],
[774,85.88],
[9,69.52],
[5,102.05],
[3,95.69],
[3,91.78],
[18,83.75],
[7,83.85],
[8,83.35],
[85,102.05],
[20,167.75],
[18,61.74],
[22,66.97],
[4,118.58],
[11,162.50],
[4,95.94],
[8,101.26],
[12,103.34],
[201,52.13],
[10,67.42],
[4,75.62],
[66,71.75],
[14,89.60],
[14,63.38],
[378,73.41],
[39,56.98],
[3,113.10],
[25,100.24],
[8,42.89],
[3,72.99],
[4,161.49],
[7,116.15],
[14,65.66],
[7,100.24],
[106,72.68],
[9,49.00],
[16,153.54],
[15,57.07],
[3,92.97],
[3,95.95],
[6,51.62],
[-6,135.27],
[15,95.59],
[25,47.12],
[7,41.55],
[10,64.67],
[3,158.44],
[3,107.60],
[3,151.00],
[13,48.73],
[7,110.82],
[39,97.00],
[4,78.87],
[9,88.00],
[5,46.10],
[3,31.71],
[11,158.44],
[22,82.90],
[3,-6.69],
[-3,84.15],
[15,63.89],
[6,84.68],
[3,63.38],
[4,72.37],
[5,62.53],
[8,46.93],
[6,54.82],
[3,76.77],
[12,81.63],
[5,65.56],
[5,87.95],
[7,78.81],
[7,112.09],
[98,51.45],
[5,71.29],
[4,65.98],
[7,84.81],
[51,42.64],
[3,89.81],
[102,73.80],
[21,117.67],
[17,66.27],
[3,83.01],
[5,63.04],
[5,90.05],
[5,87.01],
[10,147.39],
[5,45.09],
[5,69.50],
[3,75.50],
[4,40.48],
[5,58.62],
[10,95.67],
[10,88.71],
[5,80.78],
[3,42.44],
[5,72.37],
[3,63.35],
[7,77.10],
[820,75.50],
[13,156.42],
[11,54.15],
[3,161.49],
[102,83.10],
[3,34.38],
[10,82.39],
[5,139.30],
[3,53.12],
[4,149.90],
[3,46.22],
[7,97.00],
[4,95.00],
[5,65.79],
[249,78.92],
[75,113.10],
[13,67.77],
[5,80.07],
[4,124.34],
[15,74.86],
[8,78.58],
[4,74.27],
[4,99.48],
[18,69.59],
[211,69.67],
[21,67.34],
[3,94.30],
[11,108.83],
[4,103.34],
[71,103.38],
[16,160.48],
[10,84.45],
[6,55.13],
[15,72.37],
[43,127.07],
[13,46.29],
[4,96.11],
[4,97.00],
[8,161.49],
[57,84.59],
[3,112.09],
[7,64.26],
[3,102.53],
[3,36.11],
[3,75.50],
[27,78.35],
[3,116.15],
[4,106.00],
[8,89.47],
[9,66.80],
[4,59.04],
[3,95.17],
[8,83.75],
[23,52.87],
[4,124.69],
[15,118.76],
[34,57.21],
[10,49.52],
[15,69.99],
[4,77.63],
[4,46.33],
[3,139.33],
[19,72.33],
[3,126.20],
[4,57.92],
[3,83.10],
[3,136.47],
[8,101.37],
[3,78.55],
[3,71.14],
[6,71.82],
[3,22.30],
[3,102.53],
[3,95.70],
[8,58.98],
[7,141.36],
[3,112.09],
[3,110.82],
],

