["Score", "Readability"],
[14,45.72],
[19,99.49],
[4,74.27],
[6,84.15],
[6,53.12],
[8,72.63],
[15,89.60],
[7,76.97],
[6,90.96],
[-4,61.69],
[18,51.09],
[4,68.38],
[7,56.31],
[5,39.31],
[125,76.97],
[4,45.21],
[4,50.26],
[17,69.58],
[14,57.11],
[10,139.33],
[8,72.61],
[96,70.10],
[4,67.76],
[7,84.84],
[59,107.60],
[3,49.85],
[-10,62.14],
[-3,65.57],
[4,60.69],
[8,70.14],
[3,88.49],
[108,0.17],
[50,79.56],
[24,71.13],
[7,52.40],
[24,73.14],
[4,58.17],
[5,34.80],
[12,11.36],
[9,45.70],
[4,79.58],
[5,61.24],
[145,44.36],
[272,71.05],
[15,56.25],
[17,80.33],
[4,65.75],
[3,73.33],
[5,80.20],
[5,50.62],
[4,1.41],
[3,72.16],
[4,3.46],
[7,99.49],
[9,31.29],
[20,51.32],
[35,45.67],
[5,78.35],
[8,61.81],
[4,52.56],
[13,76.75],
[3,100.53],
[6,30.02],
[9,66.68],
[20,78.87],
[44,81.79],
[5,70.82],
[6,72.83],
[18,67.53],
[13,37.15],
[5,38.17],
[-7,53.81],
[69,73.34],
[14,54.84],
[3,95.56],
[7,51.58],
[9,39.90],
[7,43.50],
[31,0.64],
[5,33.92],
[20,56.25],
[27,55.13],
[3,15.64],
[6,37.46],
[4,26.64],
[51,43.91],
[6,92.65],
[-3,46.52],
[14,34.77],
[8,60.17],
[117,56.80],
[3,81.86],
[6,24.04],
[4,78.25],
[3,85.88],
[3,85.75],
[51,58.48],
[4,84.15],
[3,49.79],
[3,63.61],
[3,54.98],
[6,73.14],
[7,103.65],
[6,46.80],
[4,67.15],
[7,55.99],
[7,25.14],
[3,78.63],
[4,98.31],
[13,50.79],
[3,67.76],
[371,92.97],
[12,58.30],
[4,71.28],
[13,9.35],
[3,72.62],
[5,60.35],
[-14,46.27],
[10,32.36],
[117,38.37],
[56,49.61],
[31,40.29],
[17,10.81],
[95,59.68],
[36,93.48],
[-10,54.71],
[4,68.44],
[5,60.71],
[3,52.27],
[3,48.88],
[3,60.60],
[-4,100.57],
[15,58.79],
[3,72.60],
[4,88.73],
[4,108.63],
[802,95.17],
[92,82.39],
[35,72.33],
[32,73.17],
[111,88.73],
[189,81.21],
[8,87.28],
[7,67.80],
[7,82.94],
[6,65.56],
[21,84.84],
[10,67.80],
[5,75.12],
[12,35.66],
[3,73.17],
[3,75.50],
[3,72.72],
[3,80.79],
[3,54.62],
[3,92.63],
[3,34.62],
[-5,96.01],
[-3,68.10],
[-3,83.09],
[-22,65.99],
[12,47.12],
[5,29.88],
[4,61.40],
[4,36.91],
[42,44.35],
[6,65.06],
[-9,71.72],
[6,41.87],
[3,64.62],
[9,67.76],
[5,46.09],
[7,57.46],
[6,43.98],
[4,51.72],
[-3,139.33],
[126,56.99],
[294,38.48],
[178,84.45],
[15,54.70],
[38,74.84],
[44,92.97],
[10,68.69],
[10,74.40],
[8,81.77],
[14,24.32],
[7,49.00],
[6,110.23],
[5,45.19],
[6,39.27],
[12,61.24],
[3,76.27],
[5,63.58],
[4,85.10],
[3,61.39],
[3,78.38],
[-8,139.33],
[15,68.66],
[6,58.67],
[3,32.49],
[3,73.80],
[3,96.75],
[-4,103.52],
[-4,85.86],
[-9,51.29],
[15,67.88],
[3,99.00],
[22,76.97],
[3,24.13],
[5,44.57],
[3,71.29],
[4,44.08],
[3,69.81],
[3,37.87],
[8,6.34],
[3,66.53],
[3,79.53],
[67,69.67],
[30,68.52],
[112,95.56],
[21,72.99],
[7,96.06],
[7,107.10],
[4,90.33],
[7,45.23],
[3,45.73],
[-3,139.33],
[19,61.05],
[8,34.53],
[7,53.66],
[3,46.25],
[6,72.52],
[5,38.48],
[3,81.63],
[3,96.49],
[7,103.26],
[5,33.32],
[4,67.73],
[12,65.48],
[7,36.16],
[7,26.86],
[5,98.54],
[16,82.39],
[4,38.03],
[-17,23.67],
[3,68.66],
[4,84.81],
[3,84.44],
[3,68.07],
[4,30.06],
[3,79.85],
[5,47.37],
],
