["Score", "Readability"],
[-19,113.10],
[9,124.69],
[4,98.31],
[5,102.62],
[6,108.96],
[7,83.75],
[3,130.25],
[7,62.40],
[5,114.62],
[4,98.68],
[5,119.60],
[5,47.43],
[-6,119.19],
[5,61.14],
[-8,102.62],
[4,109.10],
[3,66.46],
[8,94.30],
[4,61.94],
[10,44.65],
[5,41.60],
[4,51.59],
[8,43.36],
[7,58.75],
[3,73.04],
[4,120.26],
[3,95.17],
[288,109.79],
[11,58.71],
[3,82.39],
[4,64.59],
[45,136.62],
[3,149.90],
[138,102.53],
[3,59.44],
[-9,130.25],
[-6,122.50],
[-6,139.33],
[104,84.90],
[7,116.15],
[55,82.48],
[9,142.85],
[-12,117.16],
[40,75.50],
[3,62.97],
[4,102.95],
[4,118.76],
[-11,128.65],
[9,122.80],
[13,111.96],
[3,137.30],
[8,90.96],
[-36,37.85],
[20,66.53],
[4,144.35],
[4,62.36],
[37,-0.40],
[3,60.32],
[-11,61.24],
[15,111.07],
[11,83.32],
[19,55.99],
[-4,15.80],
[69,0.36],
[4,134.08],
[-4,101.55],
[-3,65.17],
[3,181.62],
[-4,68.77],
[3,122.50],
[-13,124.69],
[-6,80.07],
[3,68.96],
[-6,119.44],
[8,72.83],
[-13,75.20],
[4,88.73],
[3,151.00],
[3,135.27],
[4,64.77],
[-3,99.06],
[5,66.34],
[11,56.93],
[1133,89.16],
[84,90.83],
[66,77.40],
[86,109.13],
[219,93.27],
[5,57.07],
[560,86.71],
[24,23.18],
[-20,78.38],
[7,88.34],
[-12,40.84],
[48,22.79],
[21,88.71],
[9,53.50],
[56,76.03],
[7,110.06],
[249,117.16],
[13,98.19],
[4,68.69],
[5,94.51],
[6,112.09],
[-3,115.13],
[4,61.57],
[6,181.62],
[3,135.27],
[41,87.96],
[-5,107.40],
[3,128.65],
[3,135.16],
[4,68.53],
[12,72.19],
[3,64.85],
[4,116.65],
[9,72.52],
[-12,103.38],
[12,70.67],
[3,92.89],
[4,139.33],
[3,176.61],
[3,95.17],
[-3,100.75],
[3,88.91],
[3,79.56],
[3,87.80],
[3,167.92],
[3,144.35],
[5,90.33],
[4,37.46],
[3,89.60],
[6,145.93],
[3,85.86],
[3,80.18],
[3,118.76],
[8,88.83],
[4,81.62],
[4,103.04],
[3,67.53],
[4,75.12],
[56,63.06],
[5,69.46],
[-3,76.38],
[3,158.44],
[8,90.93],
[4,55.39],
[24,52.65],
[-8,59.05],
[4,103.70],
[19,80.14],
[-5,139.33],
[4,63.67],
[14,47.11],
[13,49.26],
[8,59.32],
[6,39.74],
[4,64.49],
[-3,133.29],
[3,96.11],
[5,-7.35],
[3,78.20],
[5,36.90],
[3,118.18],
[3,37.48],
[3,40.04],
[-3,90.23],
[3,92.06],
[6,127.22],
[3,49.72],
[55,73.22],
[18,71.78],
[20,73.20],
[7,74.58],
[5,88.73],
[4,134.08],
[-22,47.30],
[11,105.09],
[25,89.30],
[-35,73.85],
[-5,90.96],
[3,76.46],
[-4,83.85],
[-22,139.33],
[-3,55.95],
[20,77.65],
[38,109.13],
[-8,98.05],
[64,124.69],
[43,99.00],
[3,61.67],
[-3,117.16],
[3,116.15],
[3,82.43],
[281,91.60],
[18,64.09],
[-5,35.61],
[8,41.64],
[30,46.44],
[-3,55.22],
[9,84.35],
[-11,65.56],
[5,60.71],
[3,70.08],
[121,63.49],
[5,57.43],
[-3,109.79],
[4,125.62],
[7,66.54],
[11,97.00],
[-3,87.10],
[3,62.05],
[-9,41.78],
[6,108.27],
[3,100.96],
[22,113.10],
[12,112.31],
[13,67.26],
[86,47.83],
[6,25.70],
[-8,42.72],
[59,84.90],
[4,56.18],
[261,41.85],
[3,56.31],
[-3,55.98],
[3,42.45],
[4,53.26],
[-6,118.18],
[5,89.85],
[-4,55.83],
[-3,89.34],
[5,36.33],
[-4,93.12],
[18,93.45],
[13,68.56],
[6,54.19],
[13,41.12],
[3,91.84],
[3,65.75],
[3,71.28],
[5,108.83],
[3,33.69],
[3,45.00],
[3,55.41],
[4,68.21],
[41,52.58],
[3,158.44],
[4,36.23],
[3,82.90],
[4,39.39],
[-3,69.15],
