[[7,110.39],
[1364,66.79],
[27,114.07],
[4,81.89],
[308,59.63],
[35,94.04],
[9,102.62],
[9,66.80],
[62,56.35],
[366,60.19],
[162,89.60],
[119,77.81],
[8,98.87],
[317,70.58],
[9,58.17],
[22,89.86],
[15,74.07],
[13,75.73],
[143,68.43],
[133,61.35],
[14,28.00],
[92,79.09],
[-3,55.67],
[-18,116.65],
[4,151.00],
[-12,82.04],
[26,69.50],
[16,47.70],
[102,95.94],
[3,108.98],
[32,103.70],
[76,101.37],
[6,147.42],
[39,63.73],
[6,56.66],
[6,53.51],
[5,90.94],
[18,52.33],
[-8,77.04],
[30,70.85],
[20,58.41],
[5,89.61],
[18,82.98],
[3,68.53],
[13,108.96],
[6,91.43],
[32,63.35],
[8,93.79],
[-15,108.70],
[6,115.64],
[9,44.41],
[20,70.10],
[25,51.13],
[3,70.56],
[4,29.28],
[4,78.25],
[-3,96.11],
[20,151.00],
[12,76.13],
[3,75.50],
[-4,60.19],
[5,56.05],
[24,37.76],
[15,62.36],
[7,38.28],
[3,72.16],
[16,83.38],
[9,88.66],
[3,56.78],
[10,50.51],
[-6,71.77],
[9,100.24],
[7,85.38],
[7,124.69],
[3,80.31],
[3,68.29],
[4,46.50],
[-3,143.15],
[10,75.99],
[8,43.33],
[5,55.98],
[3,85.86],
[3,96.58],
[7,122.50],
[-13,99.41],
[56,80.83],
[9,79.80],
[11,48.24],
[13,43.06],
[19,73.41],
[24,85.92],
[4,86.42],
[4,54.70],
[3,72.37],
[154,71.48],
[11,54.87],
[10,69.78],
[26,83.32],
[14,88.91],
[4,87.95],
[4,113.10],
[3,52.12],
[8,65.08],
[3,79.53],
[12,49.87],
[3,109.13],
[7,97.00],
[8,95.69],
[4,76.21],
[3,90.96],
[79,51.92],
[-3,66.42],
[3,120.41],
[3,71.53],
[29,64.71],
[3,80.31],
[12,54.70],
[-3,77.53],
[3,84.42],
[4,167.92],
[-9,76.03],
[11,91.43],
[-8,89.52],
[3,60.60],
[3,77.63],
[4,82.48],
[5,58.00],
[21,69.17],
[4,98.68],
[187,67.76],
[2479,69.71],
[13,134.08],
[124,95.44],
[47,71.77],
[1047,78.87],
[1220,70.85],
[10,94.78],
[2307,101.27],
[943,63.76],
[776,151.00],
[27,87.95],
[9,64.80],
[27,103.38],
[13,82.33],
[20,108.70],
[89,80.07],
[11,51.37],
[13,99.40],
[3,57.79],
[31,69.11],
[9,80.79],
[5,151.00],
[5,51.30],
[27,75.50],
[84,85.10],
[11,52.87],
[4,123.20],
[32,80.07],
[83,81.86],
[4,116.65],
[3,58.73],
[7,130.25],
[14,66.72],
[3,87.28],
[4,97.03],
[8,63.70],
[3,102.62],
[10,95.94],
[34,97.00],
[3,95.94],
[8,78.25],
[7,68.82],
[8,78.25],
[62,102.53],
[10,92.63],
[20,107.07],
[6,108.27],
[22,95.17],
[6,52.87],
[6,65.60],
[4,114.12],
[5,53.17],
[3,95.95],
[3,81.14],
[3,86.71],
[4,117.67],
[4,86.42],
[4,123.54],
[11,76.97],
[3,59.75],
[6,60.19],
[4,61.08],
[6,111.45],
[10,113.61],
[3,51.01],
[3,29.28],
[47,82.48],
[3,98.19],
[6,82.48],
[3,61.40],
[3,84.64],
[3,94.78],
[9,56.70],
[9,29.83],
[-12,71.29],
[14,73.80],
[5,66.62],
[6,108.40],
[3,43.64],
[3,40.03],
[5,54.70],
[3,139.33],
[3,15.92],
[10,94.30],
[3,90.05],
[-3,47.22],
[5,73.20],
[4,57.48],
[-3,43.56],
[4,66.27],
[9,71.75],
[23,50.33],
[11,63.61],
[21,54.98],
[3,66.40],
[4,90.33],
[5,72.89],
[3,35.56],
[9,41.03],
[14,83.32],
[9,76.50],
[12,43.62],
[11,68.29],
[14,40.61],
[6,90.65],
[3,86.71],
[6,77.50],
[3,69.75],
[3,128.16],
[4,50.19],
[6,56.04],
[8,73.78],
[3,45.26],
[3,78.55],
[7,50.56],
[3,13.44],
[3,95.94],
[35,111.46],
[636,75.28],
[-40,74.39],
[4,87.68],
[215,109.10],
[-11,0.50],
[30,37.70],
[101,61.53],
[22,82.41],
[6,64.92],
[97,101.27],
[20,58.73],
[8,64.50],
[8,77.68],
[19,88.71],
[306,86.42],
[196,95.17],
[16,82.99],
[60,66.34],
[14,61.89],
[5,39.29],
[12,81.42],
[11,90.30],
[13,52.21],
[11,65.05],
[5,42.94],
[-6,70.32],
[3,19.46],
[-5,33.98],
[4,75.88],
[-3,86.45],
[12,73.29],
[3,80.31],
[3,66.54],
[9,85.56],
[4,93.70],
[5,65.35],
[-5,103.01],
[335,92.97],
[1070,48.03],
[148,90.56],
[-9,139.33],
[5,67.76],
[54,53.72],
[6,135.27],
[561,62.72],
[-21,88.00],
[-5,84.15],
[16,109.09],
[4,85.16],
[55,70.93],
[42,108.96],
[12,39.50],
[4,27.09],
[5,49.19],
[94,7.21],
[40,44.31],
[30,65.99],
[-10,48.04],
[-5,68.61],
[16,61.25],
[4,73.41],
[170,88.49],
[-3,58.36],
[7,45.80],
[211,74.86],
[-3,59.43],
[5,64.10],
[20,52.62],
[97,79.51],
[25,5.78],
[27,99.40],
[14,88.59],
[-4,71.82],
[5,69.16],
[-5,73.80],
[46,55.88],
[-3,95.21],
[-4,63.99],
[-6,108.70],
[-4,81.91],
[18,51.08],
[34,70.14],
[11,59.14],
[10,33.71],
[10,92.97],
[4,59.16],
[3,74.39],
[4,74.07],
[7,53.43],
[19,47.79],
[5,82.12],
[-5,26.56],
[4,18.94],
[3,74.40],
[5,46.09],
[-5,92.43],
[4,41.66],
[3,76.50],
[147,26.25],
[28,61.24],
[-5,78.87],
[61,25.44],
[8,66.10],
[-14,71.77],
[3,48.04],
[10,80.19],
[3,49.39],
[4,110.06],
[5,61.24],
[12,66.53],
[-3,103.70],
[26,71.14],
[-8,46.23],
[3,3.07],
[-9,45.26],
[6,69.79],
[6,75.12],
[13,108.14],
[8,50.29],
[22,81.42],
[31,95.27],
[16,55.67],
[11,56.72],
[-5,59.16],
[6,54.51],
[14,73.29],
[10,125.90],
[106,76.50],
[3,68.36],
[3,116.48],
[4,108.83],
[3,128.65],
[-3,102.53],
[3,73.80],
[13,53.60],
[20,64.92],
[65,86.70],
[26,66.69],
[3,77.74],
[5,79.35],
[3,119.39],
[7,123.20],
[4,98.68],
[3,59.68],
[10,67.73],
[13,109.09],
[4,103.13],
[6,74.79],
[16,45.66],
[3,80.78],
[41,103.04],
[3,74.27],
[4,94.69],
[-4,98.25],
[23,75.59],
[13,52.87],
[7,40.62],
[7,51.05],
[45,31.55],
[11,58.64],
[5,110.06],
[-7,110.08],
[-19,32.36],
[5,71.73],
[3,70.08],
[8,57.46],
[3,135.27],
[31,30.87],
[27,48.50],
[9,52.41],
[3,76.02],
[19,44.30],
[3,181.62],
[7,114.92],
[4,25.83],
[4,66.85],
[4,63.97],
[4,93.17],
[12,67.26],
[33,84.90],
[7,72.52],
[9,58.94],
[5,63.58],
[3,67.22],
[13,46.61],
[5,73.29],
[14,71.01],
[5,60.71],
[8,72.83],
[8,30.87],
[-4,118.18],
[13,108.70],
[3,41.63],
[3,89.73],
[12,63.84],
[3,115.64],
[10,99.23],
[5,71.29],
[10,49.16],
[5,41.95],
[11,55.09],
[4,59.63],
[6,55.12],
[20,66.64],
[7,68.75],
[-13,70.08],
[7,103.13],
[10,63.92],
[7,69.86],
[8,102.53],
[-5,92.16],
[4,100.63],
[8,64.94],
[5,103.62],
[48,61.78],
[3,100.66],
[131,48.36],
[5,61.24],
[5,49.00],
[3,88.06],
[80,89.60],
[17,60.71],
[3,63.84],
[15,40.09],
[3,52.32],
[19,43.65],
[15,45.65],
[16,64.42],
[8,107.10],
[3,54.72],
[8,41.78],
[101,57.48],
[30,73.76],
[3,124.69],
[53,63.40],
[7,90.65],
[9,84.45],
[-17,85.16],
[12,64.77],
[5,48.61],
[63,58.97],
[18,47.38],
[23,100.39],
[12,63.92],
[10,95.00],
[5,59.28],
[4,90.38],
[21,98.87],
[20,69.40],
[5,94.83],
[-4,96.11],
[13,66.79],
[14,75.51],
[9,55.93],
[5,73.48],
[-4,92.06],
[3,60.71],
[12,107.07],
[19,65.15],
[4,63.18],
[3,48.50],
[7,113.10],
[3,72.49],
[9,62.88],
[8,84.77],
[7,50.73],
[3,65.30],
[8,36.56],
[3,47.94],
[4,26.41],
[5,60.10],
[3,56.36],
[235,70.67],
[157,103.38],
[434,71.15],
[58,95.73],
[636,52.29],
[57,111.52],
[17,75.43],
[61,51.17],
[31,103.01],
[20,78.87],
[6,124.34],
[17,19.02],
[18,24.10],
[7,83.95],
[11,74.81],
[7,115.13],
[10,80.83],
[8,98.87],
[8,50.35],
[4,74.86],
[4,82.93],
[4,60.63],
[3,73.86],
[3,86.26],
[3,108.70],
[3,88.96],
[-12,83.47],
[209,39.30],
[40,54.11],
[12,122.15],
[88,46.25],
[14,51.78],
[7,83.01],
[17,112.31],
[12,45.88],
[35,74.96],
[24,82.39],
[8,75.88],
[10,73.80],
[25,78.72],
[5,82.39],
[-8,81.16],
[64,57.71],
[29,64.71],
[15,102.05],
[14,115.13],
[15,84.67],
[20,86.77],
[9,99.49],
[7,80.78],
[5,76.48],
[-14,117.84],
[-54,97.34],
[19,99.00],
[11,41.12],
[4,95.17],
[5,75.81],
[4,87.81],
[14,100.96],
[3,57.07],
[4,58.41],
[-5,72.33],
[30,55.19],
[28,90.94],
[6,60.11],
[6,66.21],
[3,108.70],
[3,80.10],
[14,82.48],
[14,92.27],
[15,42.73],
[5,134.14],
[15,40.53],
[9,41.59],
[4,78.87],
[3,57.35],
[4,49.14],
[-3,90.70],
[30,103.70],
[19,108.27],
[16,117.67],
[11,83.32],
[43,133.26],
[27,83.85],
[7,82.39],
[9,27.83],
[5,64.77],
[8,103.70],
[7,91.78],
[13,103.01],
[3,84.90],
[3,108.27],
[6,96.02],
[4,99.53],
[3,44.58],
[3,70.32],
[3,81.73],
[3,48.91],
[5,50.62],
[7,49.58],
[4,56.70],
[4,41.92],
[4,83.25],
[6,53.76],
[5,82.23],
[3,120.55],
[3,109.09],
[3,59.16],
[448,86.70],
[124,73.85],
[57,111.46],
[182,40.62],
[71,116.65],
[47,63.47],
[79,69.24],
[21,48.04],
[43,126.45],
[74,86.40],
[12,67.16],
[11,91.60],
[268,51.07],
[17,88.91],
[8,57.07],
[8,128.65],
[20,107.55],
[6,57.46],
[11,71.54],
[4,69.85],
[5,94.30],
[4,74.14],
[4,103.67],
[9,94.60],
[18,61.70],
[3,75.32],
[3,102.62],
[4,58.77],
[3,124.34],
[3,60.74],
[6,118.94],
[6,124.69],
[9,99.28],
[5,129.35],
[3,108.51],
[5,72.33],
[3,65.39],
[-3,125.62],
[-3,86.93],
[-4,42.71],
[-9,89.35],
[-16,80.90],
[-4,95.69],
[-3,95.03],
[-4,103.62],
[-4,109.96],
[-5,65.56],
[-5,85.38],
[-6,52.33],
[-7,95.95],
[374,120.55],
[873,61.24],
[318,98.68],
[244,80.90],
[123,117.16],
[401,53.60],
[39,95.89],
[116,32.57],
[46,81.42],
[20,83.85],
[77,98.31],
[45,85.16],
[17,90.09],
[156,67.26],
[17,92.06],
[44,84.90],
[137,119.44],
[12,127.22],
[13,71.28],
[10,84.84],
[9,81.86],
[9,127.31],
[25,108.96],
[37,94.30],
[35,85.86],
[6,66.54],
[7,69.56],
[12,90.33],
[6,74.86],
[7,80.90],
[9,71.78],
[4,98.87],
[4,99.37],
[5,68.94],
[8,120.55],
[7,64.45],
[3,76.59],
[3,137.30],
[4,97.00],
[3,88.83],
[4,103.13],
[5,88.48],
[5,81.84],
[5,65.25],
[4,112.79],
[4,87.68],
[3,87.95],
[5,84.03],
[3,118.18],
[4,60.89],
[3,67.76],
[3,103.65],
[3,84.90],
[-3,80.31],
[-4,119.42],
[-37,89.44],
[240,25.49],
[89,73.31],
[74,90.05],
[17,68.73],
[28,75.71],
[83,86.70],
[9,52.53],
[9,107.01],
[10,81.65],
[6,20.78],
[5,48.64],
[5,71.71],
[6,56.70],
[5,28.41],
[3,66.53],
[3,80.18],
[3,49.88],
[3,66.54],
[3,2.21],
[3,49.67],
[3,28.50],
[21,50.63],
[16,96.58],
[11,100.71],
[3,116.69],
[26,102.05],
[16,15.85],
[6,80.78],
[4,74.27],
[12,54.13],
[3,92.65],
[3,135.27],
[3,103.04],
[-9,84.77],
[29,97.00],
[14,131.28],
[5,66.83],
[6,125.62],
[27,37.18],
[25,44.71],
[17,93.33],
[11,69.18],
[8,53.86],
[21,89.52],
[6,37.90],
[6,55.44],
[5,62.47],
[4,66.70],
[4,102.27],
[4,116.15],
[3,57.56],
[3,68.43],
[5,68.69],
[-4,43.89],
[-8,25.63],
[26,90.96],
[7,107.01],
[5,72.62],
[4,53.66],
[6,77.10],
[6,27.21],
[18,112.43],
[14,68.65],
[13,100.24],
[5,84.15],
[5,47.39],
[9,81.40],
[11,71.82],
[6,82.39],
[4,106.17],
[26,78.33],
[40,84.90],
[8,87.68],
[9,65.73],
[7,47.29],
[7,63.73],
[7,69.50],
[18,73.78],
[5,115.13],
[5,73.54],
[4,78.25],
[4,49.54],
[4,34.89],
[3,71.05],
[7,48.03],
[3,36.73],
[16,41.44],
[10,49.32],
[8,66.97],
[7,63.92],
[8,69.43],
[6,52.67],
[4,80.43],
[3,87.87],
[3,76.81],
[3,37.46],
[3,45.86],
[4,45.13],
[3,57.15],
[4,30.87],
[3,80.14],
[6,75.01],
[3,141.30],
[3,95.95],
[14,59.91],
[4,58.20],
[5,52.02],
[3,101.98],
[9,77.45],
[8,87.18],
[16,80.90],
[6,99.00],
[4,63.84],
[3,96.89],
[-12,109.09],
[3,118.18],
[5,56.98],
[4,70.51],
[4,47.38],
[5,70.70],
],

