[[12,61.89],
[291,67.62],
[51,57.67],
[1100,87.75],
[-4,160.48],
[-5,95.94],
[-12,136.62],
[-4,130.25],
[22,90.13],
[5,79.83],
[61,69.23],
[254,149.90],
[-3,53.72],
[272,110.06],
[82,95.42],
[28,117.16],
[7,154.94],
[6,120.46],
[119,96.11],
[10,122.15],
[75,115.13],
[10,53.39],
[30,113.10],
[13,82.09],
[15,85.86],
[4,106.53],
[13,90.65],
[7,72.99],
[5,73.13],
[62,106.90],
[55,99.28],
[8,66.40],
[4,93.48],
[-13,68.08],
[19,191.20],
[65,111.13],
[5,76.97],
[13,78.79],
[-3,84.46],
[636,70.93],
[79,69.50],
[23,36.28],
[5,151.00],
[181,120.55],
[6,93.47],
[-3,103.26],
[3,87.41],
[3,59.86],
[-7,74.01],
[85,147.39],
[723,111.33],
[140,73.41],
[155,77.20],
[3,151.00],
[47,63.17],
[23,39.74],
[3,148.91],
[39,80.90],
[210,100.69],
[97,103.67],
[-3,127.22],
[32,76.08],
[22,77.69],
[31,39.44],
[11,70.11],
[8,139.33],
[15,109.13],
[8,91.61],
[4,119.19],
[7,100.24],
[-4,86.71],
[5,80.78],
[4,108.27],
[65,145.84],
[25,59.07],
[5,139.33],
[25,76.21],
[5,50.87],
[117,89.47],
[64,151.00],
[-23,72.37],
[13,57.94],
[26,51.06],
[-4,70.10],
[3,123.20],
[-14,160.48],
[6,53.76],
[54,102.53],
[3,83.89],
[9,64.47],
[4,66.13],
[5,81.94],
[26,76.91],
[7,84.90],
[6,50.95],
[6,4.76],
[3,95.69],
[23,89.90],
[-4,74.27],
[3,33.68],
[-4,142.85],
[4,56.78],
[114,131.90],
[3,59.13],
[39,89.47],
[13,61.49],
[119,84.90],
[10,55.12],
[35,91.43],
[3,61.75],
[3355,51.60],
[618,81.26],
[17,89.61],
[-10,139.33],
[3,38.06],
[29,71.99],
[4,85.16],
[-19,135.12],
[270,124.69],
[3,71.82],
[1066,130.85],
[3,87.19],
[13,85.87],
[10,101.27],
[4,103.62],
[46,81.14],
[3,-0.26],
[10,87.86],
[3,48.92],
[3,114.12],
[21,124.69],
[99,61.71],
[29,62.60],
[141,79.35],
[24,37.82],
[4,111.33],
[4,100.57],
[4,91.78],
[4,111.07],
[15,105.41],
[96,116.65],
[11,88.91],
[22,83.78],
[3,37.67],
[19,51.68],
[-6,139.33],
[4,115.64],
[7,42.80],
[3,56.61],
[8,109.09],
[-4,135.27],
[11,80.10],
[15,69.16],
[5,49.27],
[57,53.24],
[3,58.48],
[17,38.66],
[8,130.25],
[-6,87.95],
[3,107.60],
[33,89.50],
[61,83.84],
[48,97.65],
[44,119.19],
[10,58.53],
[9,69.50],
[3,103.65],
[3,71.28],
[8,160.48],
[172,80.90],
[3,107.60],
[53,131.90],
[3,79.51],
[9,62.26],
[4,112.09],
[5,36.28],
[-5,85.03],
[7,112.43],
[4,70.79],
[3,115.13],
[92,108.27],
[26,69.96],
[29,57.36],
[-3,130.25],
[4,151.00],
[29,106.75],
[3,78.77],
[10,103.62],
[36,78.81],
[12,63.61],
[6,17.33],
[18,58.96],
[4,60.62],
[7,112.51],
[6,71.77],
[3,97.17],
[7,122.50],
[12,90.09],
[8,103.01],
[3,90.94],
[4,87.93],
[11,80.31],
[14,66.79],
[16,73.17],
[4,88.91],
[8,53.64],
[3,80.20],
[3,109.04],
[3,49.99],
[17,120.55],
[3,56.77],
[3,70.51],
[3,68.98],
[4,74.27],
[1091,82.59],
[3,53.89],
[-3,139.30],
[12,62.75],
[10,63.99],
[3,144.35],
[4,87.08],
[-4,76.13],
[4,108.63],
[-5,90.09],
[3,91.43],
[3,122.50],
[8,74.81],
[125,70.48],
[8,127.22],
[5,94.56],
[3,76.53],
[3,80.53],
[4,83.25],
[3,90.65],
[3,134.08],
[8,68.07],
[3,113.10],
[7,98.25],
[4,94.32],
[-25,78.81],
[-5,139.33],
[10,69.12],
[6,84.59],
[4,75.50],
[4,88.71],
[7,45.80],
[5,96.63],
[3,61.32],
[-4,96.11],
[4,122.15],
[10,103.52],
[45,74.65],
[4,95.94],
[16,92.38],
[24,112.13],
[5,120.55],
[3,32.45],
[4,44.30],
[82,76.67],
[115,93.58],
[15,95.85],
[58,79.94],
[111,95.00],
[4,97.03],
[4,50.23],
[31,86.71],
[4,78.33],
[4,117.16],
[3,55.13],
[3,76.46],
[3,105.09],
[122,105.88],
[10,95.69],
[3,54.49],
[49,73.08],
[5,127.07],
[24,59.65],
[4,80.31],
[43,92.91],
[10,76.50],
[2619,111.07],
[12,86.45],
[5,119.70],
[7,101.98],
[73,97.70],
[5,101.37],
[280,84.64],
[3,119.70],
[13,79.35],
[1875,15.07],
[6,92.97],
[578,92.65],
[8,82.87],
[4,95.95],
[9,66.97],
[337,89.52],
[4,52.56],
[-4,119.70],
[15,84.34],
[30,95.17],
[522,84.20],
[3,83.01],
[5,106.60],
[3,125.55],
[3,139.30],
[29,50.61],
[18,97.03],
[121,78.21],
[26,68.98],
[95,91.60],
[266,65.01],
[14,103.70],
[100,67.53],
[4,71.82],
[3,78.79],
[4,97.37],
[6,72.67],
[28,47.11],
[9,69.59],
[4,82.39],
[11,84.64],
[21,77.42],
[3,88.47],
[13,111.13],
[5,72.51],
[5,88.00],
[7,65.05],
[3,75.59],
[42,151.39],
[3,54.19],
[11,108.70],
[9,66.21],
[4,135.76],
[3,76.23],
[3,48.37],
[3,145.84],
[6,93.45],
[-7,139.33],
[6,97.70],
[11,85.42],
[132,44.27],
[4,77.74],
[29,114.62],
[29,80.10],
[26,80.68],
[-9,60.05],
[8,103.52],
[3,111.07],
[3,50.52],
[36,74.02],
[3,83.89],
[5,76.56],
[19,108.27],
[5,84.77],
[151,60.11],
[29,81.42],
[163,111.13],
[108,57.17],
[7,68.75],
[12,91.54],
[22,119.87],
[3,80.51],
[27,57.38],
[5,70.91],
[40,76.82],
[7,181.62],
[7,59.64],
[3,103.04],
[10,99.41],
[16,90.09],
[3,61.09],
[17,87.41],
[12,75.14],
[9,103.34],
[8,129.35],
[13,84.52],
[-7,97.00],
[12,86.40],
[9,113.10],
[6,129.00],
[9,118.18],
[-7,118.18],
[4,95.00],
[4,110.06],
[4,85.89],
[3,101.98],
[169,82.48],
[5,110.06],
[13,54.10],
[470,58.40],
[3,75.50],
[88,50.47],
[12,83.32],
[32,74.52],
[3,100.24],
[11,68.32],
[-6,102.53],
[9,69.64],
[73,63.86],
[155,114.12],
[3,103.34],
[14,90.96],
[5,118.76],
[3,73.17],
[-5,151.39],
[22,89.36],
[8,106.60],
[5,22.28],
[4,92.97],
[3,114.12],
[17,108.73],
[-4,156.42],
[-7,158.44],
[6,78.72],
[7,70.31],
[7,56.02],
[3,79.09],
[3,126.64],
[6,134.08],
[-5,92.64],
[3,103.70],
[25,116.65],
[3,120.55],
[4,94.79],
[6,124.33],
[7,57.10],
[4,70.14],
[3,118.18],
[4,53.01],
[5,66.14],
[3,72.72],
[3,138.75],
[3,115.10],
[3,60.86],
[3,67.80],
[6,108.83],
[4,63.61],
[-3,153.54],
[3,67.33],
[3,61.33],
[4,113.10],
[3,77.09],
[3,134.08],
[5,72.62],
[6,67.53],
[3,53.49],
[4,68.98],
[4,113.10],
[3,89.44],
[3,99.28],
[34,163.32],
[3,130.25],
[3,103.04],
[3,87.61],
[3,109.04],
[4,103.62],
[58,73.85],
[3,96.11],
[5,111.51],
[294,77.68],
[5,139.33],
[3153,86.99],
[12,112.09],
[8,77.67],
[91,115.55],
[428,70.82],
[102,70.31],
[3,88.00],
[4,83.29],
[13,57.23],
[11,119.95],
[1424,74.53],
[55,73.76],
[6,69.79],
[536,81.07],
[87,112.09],
[3,133.29],
[124,13.98],
[3,87.34],
[-3,72.52],
[15,75.86],
[67,80.06],
[26,68.34],
[16,102.78],
[5,58.18],
[215,52.27],
[4,167.92],
[27,63.48],
[16,88.00],
[8,92.60],
[5,95.69],
[12,78.55],
[27,139.33],
[9,69.50],
[61,98.87],
[50,86.71],
[6,158.44],
[73,117.16],
[30,80.78],
[134,97.00],
[4,43.83],
[-9,97.00],
[-3,77.68],
[82,84.45],
[25,103.65],
[14,103.38],
[8,56.66],
[11,78.87],
[126,92.97],
[43,59.41],
[14,79.81],
[10,64.23],
[15,33.46],
[-8,137.47],
[12,6.39],
[9,110.06],
[4,57.23],
[4,102.05],
[33,69.68],
[4,136.47],
[4,80.78],
[4,62.84],
[19,72.16],
[6,90.38],
[976,67.76],
[78,59.31],
[6,97.70],
[40,45.06],
[-7,76.46],
[4,105.92],
[113,89.09],
[8,92.92],
[35,61.33],
[29,137.46],
[27,64.18],
[-7,66.79],
[9,89.60],
[-8,117.67],
[20,59.90],
[-5,135.16],
[7,59.63],
[5,92.97],
[11,47.56],
[14,-6.98],
[-6,92.97],
[3,90.94],
[38,39.33],
[-8,116.65],
[11,105.79],
[26,78.35],
[7,67.26],
[-3,78.87],
[5,38.53],
[3,76.44],
[12,54.60],
[4,84.42],
[9,84.44],
[-4,135.27],
[17,99.74],
[4,111.07],
[3,139.33],
[40,61.32],
[216,43.72],
[3,95.95],
[3,66.31],
[19,94.51],
[3,60.54],
[4,96.11],
[-3,90.96],
[15,59.15],
[3,73.17],
[3,77.07],
[3,58.17],
[70,58.16],
[4,74.81],
[9,129.00],
[27,80.78],
[4,135.12],
[10,57.72],
[19,112.75],
[3,78.95],
[7,60.71],
[7,32.16],
[-4,97.03],
[7,126.24],
[15,80.47],
[7,84.79],
[38,109.10],
[50,50.24],
[-8,116.65],
[57,74.52],
[3,96.06],
[119,62.56],
[115,151.39],
[-3,67.26],
[95,108.96],
[132,125.62],
[3,84.15],
[-5,48.24],
[9,111.07],
[5,64.63],
[4,61.27],
[19,73.17],
[9,145.87],
[43,139.33],
[9,78.92],
[4,70.81],
[8,54.34],
[-6,63.82],
[8,119.16],
[10,65.56],
[5,41.51],
[34,56.86],
[8,78.21],
[-4,94.30],
[54,71.72],
[3,50.13],
[4,40.39],
[33,82.55],
[-14,97.43],
[6,56.87],
[3,82.43],
[8,55.82],
[9,94.99],
[10,88.00],
[3,112.09],
[4,65.66],
[4,122.50],
[32,54.28],
[3,75.41],
[3,82.21],
[13,118.76],
[5,86.85],
[-6,139.33],
[45,63.17],
[7,93.70],
[-9,59.10],
[5,76.82],
[8,78.87],
[3,62.88],
[3,89.90],
[3,97.00],
[7,53.72],
[3,84.15],
[3,90.96],
[3,130.25],
[-3,116.15],
[71,72.36],
[5,61.45],
[4,139.30],
[8,94.92],
[48,81.14],
[-6,95.69],
[-3,108.70],
[4,43.96],
[147,74.46],
[1119,90.09],
[191,74.27],
[20,114.62],
[4,67.67],
[4,68.10],
[665,83.01],
[9,95.17],
[7,80.07],
[18,50.59],
[4,127.22],
[-3,120.76],
[571,80.10],
[171,61.45],
[137,119.19],
[12,71.28],
[84,42.71],
[3,52.45],
[4,75.43],
[3,50.26],
[65,71.28],
[146,103.01],
[5,35.95],
[10,82.39],
[4,51.42],
[-4,127.22],
[-3,87.95],
[434,144.63],
[28,86.71],
[18,74.65],
[45,92.06],
[15,119.19],
[28,23.10],
[3,67.53],
[3,69.79],
[13,96.02],
[5,43.99],
[-5,140.68],
[-9,76.50],
[4,103.54],
[6,73.42],
[13,73.30],
[24,41.75],
[3,91.82],
[94,85.88],
[-3,95.00],
[13,67.73],
[3,78.55],
[5,60.19],
[4,132.03],
[11,68.56],
[3,100.78],
[11,77.63],
[-4,160.48],
[33,125.62],
[3,65.05],
[4,67.76],
[6,77.20],
[10,84.18],
[8,127.22],
[4,69.79],
[9,91.78],
[216,59.58],
[7,103.26],
[5,81.54],
[5,53.23],
[6,80.47],
[3,88.65],
[-15,85.10],
[7,119.19],
[9,66.65],
[4,84.90],
[-5,48.85],
[10,53.43],
[8,127.07],
[-6,78.25],
[4,66.79],
[5,108.96],
[3,112.14],
[23,84.97],
[-5,95.95],
[8,84.15],
[5,22.03],
[4,38.55],
[32,71.28],
[15,44.93],
[95,67.67],
[3,88.49],
[4,78.87],
[3,75.36],
[7,53.64],
[3,117.67],
[7,52.05],
[4,103.01],
[4,61.86],
[5,84.77],
[11,109.13],
[8,100.24],
[8,61.94],
[8,97.34],
[36,43.84],
[7,62.46],
[3,72.63],
[8,85.24],
[6,88.14],
[3,103.54],
[4,65.10],
[-5,86.35],
[8,88.03],
[8,55.41],
[4,72.49],
[4,94.99],
[6,69.18],
[7,83.75],
[-4,139.33],
[6,66.37],
[3,73.86],
[3,74.81],
[5,95.67],
[3,59.32],
[4,44.79],
[4,80.19],
[12,123.28],
[3,63.09],
[5,68.82],
[6,89.13],
[3,106.60],
[4,64.15],
[3,90.05],
[63,30.98],
[20,75.29],
[5,80.10],
[-9,54.75],
[5,1.78],
[6,74.57],
[55,89.57],
[3,64.71],
[35,86.71],
[3,71.82],
[4,87.95],
[4,81.86],
[3,87.41],
[-3,78.41],
[10,74.24],
[3,142.85],
[6,74.86],
[21,103.62],
[4,119.19],
[6,63.31],
[3,67.03],
[3,101.37],
[7,99.40],
[92,79.51],
[6,49.58],
[3,72.65],
[3,160.48],
[7,50.10],
[5,125.62],
[36,67.44],
[12,47.12],
[3,111.45],
[6,167.92],
[3,77.10],
[-3,103.38],
[5,55.16],
[7,101.37],
[3,42.66],
[-9,100.24],
[-9,63.31],
[3,47.15],
[-4,103.01],
[5,128.56],
[10,78.25],
[61,86.42],
[24,81.73],
[11,124.69],
[6,58.22],
[11,53.66],
[4,113.10],
[3,124.69],
[3,2.10],
[7,49.95],
[4,85.10],
[3,92.38],
[-8,89.90],
[15,65.55],
[3,112.59],
[3,92.34],
[16,53.31],
[4,70.31],
[3,73.94],
[7,64.23],
[3,72.62],
[5,22.84],
[-5,134.08],
[28,118.94],
[3,78.86],
[-6,103.62],
[3,153.71],
[3,80.90],
[6,50.24],
[3,63.76],
[-6,131.90],
[-5,103.62],
[3,76.97],
[3,95.44],
[17,53.34],
[4,58.41],
[3,84.03],
[9,85.16],
[4,55.00],
[3,83.32],
[3,101.55],
[-4,51.30],
[15,97.70],
[4,29.52],
[3,120.55],
[4,99.57],
[23,49.19],
[23,118.18],
[6,103.70],
[7,77.42],
[3,100.24],
[4,120.55],
[3,70.29],
[4,109.04],
[4,52.00],
[4,89.47],
[48,110.06],
[9,83.10],
[14,57.23],
[129,65.03],
[20,83.20],
[3,98.25],
[30,68.82],
[6,110.06],
[4,52.67],
[1028,76.73],
[59,41.77],
[15,89.61],
[37,89.90],
[13,74.87],
[94,31.86],
[12,81.86],
[-7,86.71],
[384,96.58],
[-5,96.11],
[41,113.10],
[2588,55.95],
[129,86.71],
[43,82.11],
[243,105.92],
[225,89.52],
[178,55.93],
[-8,105.02],
[2389,80.31],
[105,73.83],
[5,84.35],
[16,66.74],
[16,70.08],
[16,151.39],
[173,68.15],
[22,76.38],
[-3,112.09],
[379,73.80],
[8,43.96],
[21,44.41],
[14,71.83],
[24,75.53],
[25,56.97],
[54,94.30],
[5,94.32],
[347,81.42],
[5,106.90],
[7,73.49],
[3,48.08],
[849,66.10],
[13,98.25],
[42,56.22],
[6,102.62],
[10,87.27],
[6,92.97],
[147,81.74],
[3,128.16],
[8,66.10],
[20,95.00],
[4,127.31],
[26,39.56],
[3,101.27],
[7,61.27],
[45,137.30],
[3,56.93],
[274,43.73],
[7,75.27],
[3,127.07],
[30,125.62],
[6,74.16],
[4,57.77],
[4,57.49],
[5,164.03],
[21,112.09],
[11,107.07],
[9,82.04],
[3,102.62],
[4,53.15],
[3,103.04],
[56,76.50],
[3,71.35],
[24,39.02],
[6,55.59],
[4,107.01],
[6,54.88],
[3,151.00],
[9,95.69],
[119,77.16],
[25,88.06],
[3,79.81],
[3,128.75],
[15,109.63],
[9,60.11],
[3,89.59],
[-4,108.27],
[4,75.90],
[3,65.70],
[4,127.07],
[5,65.10],
[3,103.04],
[3,65.57],
[6,87.95],
[4,110.39],
[9,74.61],
[15,50.91],
[25,61.25],
[-4,89.90],
[17,73.25],
[5,86.45],
[9,94.56],
[320,62.05],
[57,124.69],
[5,118.85],
[3,84.90],
[5,75.50],
[6,65.17],
[7,78.20],
[15,67.29],
[36,128.59],
[3,80.90],
[4,78.89],
[11,114.12],
[12,175.56],
[4,61.42],
[24,80.10],
[32,110.06],
[9,66.40],
[10,127.13],
[15,75.73],
[9,71.40],
[51,67.76],
[48,73.80],
[5,153.54],
[31,54.22],
[4,108.83],
[15,78.22],
[23,65.56],
[7,57.22],
[50,46.61],
[9,64.10],
[3,83.32],
[4,98.65],
[64,73.80],
[4,55.17],
[6,48.24],
[12,-0.66],
[3,89.53],
[13,60.49],
[7,62.13],
[32,106.90],
[4,66.10],
[63,109.04],
[3,73.25],
[42,123.20],
[4,51.38],
[17,46.42],
[7,80.78],
[3,82.90],
[3,65.17],
[25,102.05],
[7,118.68],
[7,47.22],
[7,97.00],
[7,111.07],
[4,76.59],
[3,79.14],
[22,78.20],
[3,80.90],
[-4,139.33],
[13,107.48],
[6,52.27],
[81,54.20],
[78,80.47],
[3,125.62],
[4,102.05],
[21,66.40],
[3,51.52],
[23,93.70],
[10,52.82],
[4,116.15],
[6,59.53],
[3,124.69],
[30,68.82],
[5,69.60],
[12,74.24],
[4,119.19],
[4,95.17],
[3,78.81],
[6,187.38],
[3,59.73],
[85,83.38],
[4,70.67],
[5,80.30],
[8,105.12],
[4,72.62],
[5,141.30],
[4,109.04],
[291,80.47],
[11,92.65],
[717,75.52],
[3,71.77],
[12,121.46],
[34,89.52],
[7,149.20],
[9,75.29],
[56,60.67],
[5,69.99],
[4,93.90],
[11,76.48],
[3,103.70],
[12,118.18],
[-18,89.86],
[5,117.16],
[7,103.04],
[4,88.14],
[3,71.53],
[17,86.71],
[3,106.53],
[4,60.23],
[7,62.63],
[4,61.70],
[5,102.05],
[3,62.97],
[29,65.96],
[67,82.48],
[4,61.18],
[10,89.50],
[10,69.98],
[4,68.25],
[15,88.73],
[13,108.98],
[3,122.80],
[4,53.71],
[6,71.77],
[3,81.04],
[3,46.17],
[66,44.13],
[3,90.05],
[9,60.74],
[1171,18.61],
[3,84.42],
[21,61.67],
[4,60.76],
[12,63.61],
[7,90.09],
[-7,139.33],
[8,40.09],
[8,49.87],
[-5,121.17],
[30,76.59],
[13,64.47],
[3,66.54],
[59,63.72],
[6,40.55],
[28,56.57],
[10,61.73],
[3,69.48],
[10,53.20],
[16,108.40],
[7,71.29],
[11,93.33],
[5,27.89],
[3,167.92],
[4,55.68],
[12,69.16],
[5,71.12],
[7,74.02],
[9,154.94],
[4,135.27],
[14,66.15],
[3,75.88],
[5,127.31],
[3,76.50],
[3,76.55],
[3,77.10],
[3,133.90],
[185,31.13],
[3,39.55],
[9,130.25],
[4,81.97],
[3,95.69],
[5,68.43],
[4,111.07],
[5,103.34],
[13,91.86],
[3,32.52],
[5,57.70],
[4,106.25],
[5,50.56],
[7,63.22],
[3,72.33],
[-15,50.61],
[8,80.60],
[76,61.39],
[216,71.72],
[15,55.99],
[16,130.25],
[-6,147.39],
[63,57.22],
[4,97.03],
[5,110.06],
[3,99.48],
[3,66.53],
[3,98.31],
[5,79.51],
[41,51.49],
[7,83.78],
[6,99.00],
[5,57.66],
[3,80.26],
[3,62.68],
[5,95.95],
[3,77.81],
[3,103.26],
[4,93.58],
[21,76.59],
[3,93.47],
[13,88.53],
[7,87.68],
[3,81.21],
[8,73.78],
[5,58.65],
[7,37.46],
[6,74.24],
[12,98.50],
[4,56.97],
[4,55.69],
[7,95.03],
[14,69.50],
[3,73.85],
[6,76.75],
[-3,72.85],
[5,41.99],
[3,82.33],
[99,84.96],
[8,107.60],
[1995,95.55],
[4,135.63],
[-3,181.62],
[3,111.07],
[3,88.00],
[395,59.38],
[3,62.17],
[125,60.12],
[4,122.50],
[20,85.88],
[4,83.32],
[7,20.76],
[14,40.17],
[11,65.84],
[-10,53.66],
[4,103.01],
[29,72.84],
[11,50.67],
[46,98.31],
[4,59.63],
[67,83.01],
[6,76.50],
[752,59.07],
[24,95.67],
[213,70.60],
[3,80.47],
[4,53.58],
[49,135.27],
[16,74.41],
[3,73.41],
[3,80.47],
[736,57.00],
[3,149.90],
[1061,128.75],
[27,61.40],
[5,-0.99],
[4,75.59],
[662,66.16],
[77,84.46],
[887,80.90],
[4,82.39],
[3,60.62],
[4,108.37],
[12,66.33],
[5,105.41],
[19,71.29],
[44,78.87],
[37,31.22],
[6,103.38],
[5,92.73],
[4,45.26],
[3,51.60],
[3,48.15],
[36,95.95],
[4,43.33],
[9,109.09],
[173,108.70],
[9,95.17],
[3,94.30],
[73,77.38],
[6,95.94],
[3,90.96],
[2012,63.89],
[4,38.35],
[59,95.69],
[3,103.38],
[7,84.92],
[3,58.66],
[3,60.71],
[3,78.81],
[32,106.60],
[9,34.59],
[3,64.67],
[4,136.62],
[306,129.00],
[7,84.92],
[23,48.24],
[26,95.42],
[5,29.79],
[230,49.04],
[6,32.56],
[4,79.37],
[4,72.37],
[-10,76.55],
[8,95.00],
[9,66.37],
[31,72.26],
[190,102.05],
[6,101.98],
[8,87.68],
[5,103.38],
[3,83.75],
[3,49.08],
[3,63.02],
[5,53.61],
[3,108.27],
[3,90.96],
[4,69.11],
[3,95.00],
[22,87.68],
[4,51.18],
[12,94.51],
[4,75.62],
[4,116.15],
[9,99.49],
[5,92.97],
[8,148.15],
[12,88.00],
[8,57.18],
[3,71.14],
[4,46.94],
[17,69.79],
[3,84.92],
[3,104.82],
[5,118.51],
[4,35.61],
[3,71.82],
[5,80.90],
[3,139.33],
[4,139.30],
[5,40.95],
[4,103.70],
[4,147.39],
[3,67.24],
[4,124.34],
[276,54.55],
[3,87.95],
[4,103.54],
[4,110.06],
[3,83.01],
[7,-6.19],
[3,94.51],
[8,48.40],
[7,66.72],
[4,80.31],
[3,89.90],
[3,118.18],
[14,50.67],
[9,61.32],
[5,96.11],
[3,75.77],
[4,89.61],
[4,112.79],
[4,61.36],
[3,66.10],
[3,95.69],
[3,87.95],
[3,76.98],
[3,94.78],
[4,118.68],
[3,75.05],
[4,70.80],
[329,95.67],
[79,103.13],
[494,81.97],
[36,95.08],
[33,108.27],
[22,59.42],
[20,45.65],
[49,62.38],
[19,86.28],
[14,66.10],
[7,126.45],
[5,79.21],
[4,70.35],
[4,111.07],
[4,94.56],
[3,53.86],
[3,66.54],
[3,100.24],
[3,86.82],
[8,124.69],
[5,42.96],
[3,83.38],
[3,99.86],
[-14,70.80],
[-38,70.70],
[195,52.64],
[77,57.92],
[108,136.47],
[65,80.44],
[25,111.75],
[44,83.12],
[14,7.06],
[12,89.53],
[7,73.17],
[13,89.90],
[6,94.78],
[18,90.96],
[5,127.22],
[4,82.40],
[5,73.75],
[5,25.22],
[4,72.83],
[5,84.90],
[4,54.70],
[-4,64.66],
[121,89.61],
[48,68.43],
[56,145.08],
[14,120.55],
[15,88.73],
[9,144.35],
[10,114.12],
[8,144.23],
[6,129.00],
[6,63.02],
[5,89.61],
[4,81.42],
[-7,112.59],
[81,80.78],
[152,69.69],
[43,94.30],
[24,115.13],
[21,28.76],
[19,118.76],
[34,84.59],
[9,108.83],
[8,100.07],
[6,114.12],
[5,134.08],
[9,38.86],
[4,101.98],
[4,92.97],
[19,94.04],
[3,81.63],
[3,130.77],
[3,87.28],
[3,115.61],
[3,88.00],
[3,87.35],
[3,93.62],
[3,86.70],
[3,135.27],
[5,99.02],
[4,78.87],
[4,75.32],
[3,75.49],
[118,91.84],
[44,72.32],
[15,78.87],
[13,130.25],
[22,65.28],
[6,53.11],
[5,74.90],
[16,77.69],
[5,134.81],
[4,89.18],
[3,124.34],
[-3,139.33],
[-6,139.33],
[127,109.10],
[35,109.79],
[23,101.27],
[11,46.53],
[9,84.18],
[6,58.00],
[5,84.92],
[5,88.91],
[3,81.59],
[3,103.01],
[77,103.04],
[10,70.46],
[7,57.10],
[29,58.87],
[5,71.78],
[9,73.48],
[7,91.43],
[10,100.24],
[5,96.11],
[3,62.11],
[3,57.79],
[3,62.79],
[26,68.43],
[32,64.29],
[21,100.24],
[9,69.30],
[4,69.39],
[8,57.45],
[3,59.64],
[3,85.13],
[3,72.33],
[-21,50.67],
[51,84.42],
[14,60.23],
[12,76.86],
[23,77.81],
[4,127.07],
[10,56.26],
[3,69.60],
[3,95.69],
[3,117.16],
[42,111.53],
[21,103.21],
[16,86.39],
[17,86.62],
[45,107.49],
[6,110.56],
[6,67.46],
[10,103.04],
[5,69.14],
[10,51.78],
[9,68.36],
[4,90.09],
[4,80.90],
[8,78.67],
[3,66.15],
[3,98.87],
[4,68.82],
[3,75.44],
[12,119.70],
[8,108.40],
[7,106.61],
[6,83.01],
[3,119.70],
[3,82.43],
[26,56.61],
[51,70.67],
[9,105.88],
[6,87.28],
[4,103.70],
[3,56.93],
[3,75.34],
[5,67.43],
[3,74.84],
[43,102.05],
[14,55.13],
[3,76.59],
[3,97.70],
[7,65.17],
[6,103.65],
[4,101.37],
[3,15.42],
[20,62.54],
[6,88.96],
[6,51.48],
[4,73.09],
[14,67.42],
[6,87.51],
[3,37.51],
[33,110.06],
[18,56.89],
[15,80.68],
[9,135.27],
[8,113.10],
[5,120.55],
[5,64.15],
[9,87.31],
[4,139.33],
[4,88.01],
[4,69.64],
[3,95.69],
[3,95.73],
[5,136.47],
[3,72.51],
[22,91.78],
[11,77.96],
[29,90.23],
[3,73.07],
[6,94.30],
[3,89.90],
[4,95.46],
[13,155.27],
[9,48.84],
[6,101.98],
[3,56.70],
[23,90.05],
[10,76.55],
[3,131.21],
[3,119.95],
[15,103.94],
[14,93.54],
[44,103.38],
[8,75.87],
[6,80.98],
[6,170.46],
[7,75.77],
[4,90.22],
[5,69.14],
[3,66.10],
[3,80.79],
[3,106.00],
[-4,117.16],
[3,74.40],
[3,76.95],
[13,111.13],
[5,127.07],
[5,83.32],
[2400,86.71],
[1353,97.00],
[578,94.88],
[976,95.85],
[161,52.22],
[527,60.77],
[398,89.44],
[353,40.95],
[190,43.20],
[203,108.27],
[29,64.52],
[26,108.03],
[24,108.96],
[16,56.20],
[26,83.85],
[32,108.70],
[81,148.91],
[9,51.52],
[28,80.78],
[20,44.01],
[40,118.76],
[27,105.41],
[108,80.31],
[7,64.09],
[7,41.25],
[14,74.84],
[18,87.95],
[6,54.73],
[11,95.94],
[19,53.89],
[15,95.94],
[4,90.09],
[5,56.53],
[5,84.21],
[8,103.62],
[9,82.35],
[50,128.75],
[63,112.09],
[21,113.10],
[11,87.95],
[5,111.07],
[4,76.50],
[4,92.91],
[4,93.98],
[10,84.45],
[7,103.01],
[3,115.78],
[3,124.69],
[3,126.45],
[3,135.27],
[3,84.97],
[3,69.60],
[3,65.52],
[3,78.77],
[9,112.43],
[5,87.95],
[5,101.27],
[6,84.56],
[3,106.92],
[3,44.05],
[3,87.87],
[3,69.79],
[3,84.92],
[3,90.96],
[3,85.16],
[3,102.05],
[3,103.54],
[3,151.00],
[3,125.20],
[4,96.02],
[4,92.34],
[3,51.71],
[2084,103.04],
[1571,123.20],
[2110,117.11],
[510,81.86],
[680,62.05],
[223,93.04],
[205,83.25],
[60,61.46],
[51,38.17],
[46,124.34],
[24,49.30],
[78,124.16],
[11,68.49],
[28,77.91],
[11,63.16],
[6,96.13],
[11,103.01],
[10,83.32],
[8,34.38],
[24,61.33],
[4,67.33],
[9,76.68],
[3,58.40],
[3,86.42],
[3,125.62],
[3,54.22],
[3,64.37],
[3,60.37],
[6,75.50],
[3,115.64],
[3,55.07],
[3,72.62],
[3,72.19],
[3,85.07],
[5,118.68],
[3,109.10],
[-6,124.69],
[207,38.48],
[154,76.23],
[296,65.25],
[16,111.51],
[25,111.07],
[20,84.45],
[10,88.47],
[78,49.30],
[89,58.33],
[22,65.56],
[15,77.29],
[18,88.59],
[3,84.92],
[3,60.71],
[3,86.29],
[8,81.07],
[10,77.91],
[3,91.30],
[5,40.18],
[14,64.04],
[8,134.08],
[4,102.05],
[4,102.05],
[5,4.93],
[3,130.77],
[4,75.88],
[-6,139.33],
[-4,105.92],
[-5,154.94],
[-3,109.10],
[-14,139.33],
[-3,72.62],
[-6,79.56],
[-3,116.65],
[-4,72.62],
[-5,95.00],
[-4,108.63],
[-11,117.11],
[687,47.04],
[126,108.37],
[38,86.71],
[71,92.69],
[24,102.53],
[62,71.03],
[11,127.07],
[18,93.54],
[11,67.80],
[8,69.16],
[4,84.45],
[16,53.89],
[6,5.94],
[3,151.39],
[4,46.61],
[3,156.42],
[3,65.56],
[-3,120.21],
[244,84.34],
[35,75.50],
[16,46.05],
[45,83.10],
[11,106.60],
[7,62.12],
[7,109.10],
[6,95.95],
[5,79.09],
[5,101.15],
[6,82.50],
[4,56.04],
[76,149.22],
[54,71.54],
[18,74.86],
[5,75.50],
[3,91.47],
[94,65.73],
[9,68.41],
[16,111.07],
[9,95.00],
[25,58.41],
[27,69.85],
[10,95.95],
[37,103.54],
[6,74.86],
[4,80.90],
[3,103.62],
[3,122.06],
[101,74.07],
[11,89.86],
[10,58.96],
[9,51.13],
[5,73.78],
[4,15.89],
[3,151.39],
[5,131.90],
[154,93.57],
[39,89.90],
[37,47.94],
[23,66.48],
[20,87.68],
[13,73.85],
[19,52.30],
[11,103.14],
[11,83.10],
[10,96.02],
[9,90.83],
[14,61.78],
[7,77.10],
[13,144.35],
[10,75.98],
[4,103.01],
[4,122.50],
[7,144.04],
[3,134.08],
[5,53.81],
[-3,81.15],
[70,59.91],
[12,51.28],
[24,43.67],
[4,67.33],
[3,53.97],
[3,48.26],
[67,103.04],
[16,80.19],
[7,44.97],
[7,80.10],
[4,85.85],
[6,149.90],
[6,113.61],
[3,82.11],
[3,116.65],
[-12,78.55],
[-19,139.33],
[8,69.21],
[33,82.39],
[7,167.92],
[-12,122.50],
[36,32.99],
[3,94.04],
[3,131.21],
[3,89.90],
[3,108.96],
[24,69.50],
[5,97.65],
[4,62.60],
[4,148.15],
[3,151.39],
[3,42.62],
[23,59.31],
[6,127.22],
[5,63.38],
[29,97.70],
[15,84.15],
[14,98.52],
[7,89.60],
[11,76.98],
[4,110.06],
[3,92.21],
[6,47.60],
[37,102.30],
[11,68.19],
[11,118.94],
[10,3.34],
[10,74.07],
[4,112.09],
[3,85.88],
[3,73.48],
[3,76.19],
[3,91.84],
[3,95.17],
[3,103.54],
[3,103.13],
[3,84.97],
[3,92.97],
[6,58.48],
[12,77.65],
[8,66.79],
[3,10.21],
[3,125.44],
[52,108.90],
[22,95.03],
[6,91.53],
[5,115.13],
[3,66.61],
[3,94.70],
[14,88.91],
[11,100.24],
[23,80.33],
[8,120.55],
[6,145.84],
[4,202.78],
[7,108.70],
[7,124.34],
[4,70.08],
[3,90.93],
[3,95.95],
[-10,77.57],
],

