[[17,12.07],
[91,73.30],
[88,19.48],
[6,118.76],
[-3,86.42],
[43,43.56],
[-9,68.77],
[1081,116.65],
[14,139.30],
[37,54.98],
[9,84.15],
[60,15.91],
[864,114.62],
[14,136.62],
[30,71.82],
[192,36.29],
[8,48.21],
[11,48.03],
[9,48.03],
[235,60.43],
[399,117.92],
[117,68.83],
[-3,116.15],
[35,136.62],
[41,95.69],
[4,80.19],
[436,87.95],
[459,87.95],
[66,39.46],
[200,70.34],
[64,115.55],
[66,115.55],
[232,75.88],
[-6,42.54],
[-6,86.46],
[26,86.71],
[122,119.19],
[12,58.40],
[60,78.33],
[67,78.33],
[898,55.76],
[19,92.06],
[8,49.44],
[11,47.68],
[46,53.39],
[50,53.39],
[7,67.72],
[208,106.11],
[213,106.11],
[17,109.10],
[-6,94.01],
[16,139.30],
[318,107.97],
[307,107.07],
[320,107.07],
[80,50.19],
[81,50.19],
[9,88.91],
[16,92.06],
[59,94.51],
[23,88.47],
[28,86.71],
[91,83.10],
[6,64.45],
[14,50.75],
[12,167.92],
[5,64.95],
[5,118.68],
[9,30.55],
[3,96.11],
[4,118.18],
[3,66.72],
[5,59.68],
[3,63.95],
[21,89.61],
[14,84.90],
[7,52.42],
[208,55.44],
[9,39.52],
[18,116.57],
[20,116.57],
[-8,160.48],
[4,120.26],
[3,63.58],
[4,47.35],
[5,66.17],
[7,66.17],
[21,167.92],
[-28,81.24],
[3,103.54],
[7,69.16],
[-25,75.71],
[-7,130.77],
[7,115.64],
[755,79.99],
[779,79.99],
[5,109.10],
[11,124.34],
[253,72.49],
[257,72.49],
[5,70.08],
[6,116.15],
[67,62.85],
[70,62.85],
[47,56.51],
[55,56.51],
[-3,96.01],
[3,95.00],
[11,6.05],
[12,6.05],
[106,47.73],
[108,47.73],
[3,82.55],
[-3,88.73],
[12,55.22],
[-4,57.95],
[-12,119.53],
[-14,119.53],
[59,57.77],
[5,68.98],
[3,90.13],
[11,80.20],
[3,120.55],
[4,103.38],
[14,72.90],
[75,105.57],
[77,105.57],
[22,96.11],
[10,72.49],
[11,72.49],
[-4,89.52],
[-5,89.52],
[3,98.04],
[4,70.05],
[15,83.01],
[16,83.01],
[115,27.49],
[19,73.85],
[126,82.48],
[127,82.48],
[494,50.57],
[520,50.57],
[30,88.49],
[35,88.49],
[38,44.65],
[41,44.65],
[6,126.24],
[430,52.02],
[452,52.02],
[4,93.33],
[4,60.65],
[3,91.78],
[5,108.83],
[38,87.95],
[40,87.95],
[13,92.97],
[15,92.97],
[-26,92.17],
[-28,92.17],
[12,141.30],
[14,141.30],
[14,50.67],
[10,78.25],
[3,64.31],
[7,19.15],
[8,44.83],
[139,51.51],
[155,51.51],
[17,90.26],
[140,78.77],
[147,78.77],
[-3,44.01],
[-10,86.70],
[-11,86.70],
[-5,117.67],
[25,43.06],
[28,43.06],
[5,127.22],
[8,73.85],
[3,64.45],
[4,64.45],
[23,66.65],
[100,104.98],
[97,104.98],
[-6,75.83],
[-3,134.08],
[136,57.80],
[142,57.80],
[3,109.10],
[158,56.66],
[168,56.66],
[14,59.07],
[3,81.35],
[21,110.56],
[22,110.56],
[4,78.79],
[3,55.13],
[64,85.30],
[69,85.30],
[38,89.86],
[44,94.92],
[50,94.92],
[3,91.43],
[-30,40.04],
[84,127.13],
[85,127.13],
[3,108.51],
[3,55.22],
[4,122.50],
[36,69.38],
[37,69.38],
[34,78.87],
[40,78.87],
[14,68.65],
[-26,90.99],
[-28,90.99],
[4,167.92],
[182,53.53],
[185,53.53],
[-3,75.88],
[80,97.43],
[82,97.43],
[14,89.73],
[3,108.70],
[7,51.67],
[69,84.81],
[71,84.81],
[148,116.82],
[157,116.82],
[-3,103.62],
[-8,108.27],
[-9,108.27],
[3,36.28],
[3,53.39],
[3,53.87],
[90,98.25],
[4,106.00],
[44,71.77],
[-10,114.12],
[-9,114.12],
[103,14.88],
[98,14.88],
[3,57.31],
[33,73.04],
[3,65.79],
[4,65.79],
[32,49.89],
[3,45.59],
[41,41.44],
[44,41.44],
[50,54.88],
[55,54.88],
[23,67.50],
[24,67.50],
[432,49.04],
[477,49.04],
[24,134.08],
[25,134.08],
[397,74.46],
[424,74.46],
[4,54.73],
[5,167.92],
[-14,75.32],
[-3,67.74],
[-4,67.74],
[7,67.44],
[6,49.22],
[7,49.22],
[365,84.81],
[392,84.81],
[91,11.61],
[97,11.61],
[28,80.33],
[30,80.33],
[41,109.10],
[46,109.10],
[12,74.81],
[13,74.81],
[9,95.73],
[6,83.25],
[5,95.85],
[6,95.85],
[121,102.05],
[-5,80.90],
[10,94.30],
[12,94.30],
[5,44.98],
[5,127.22],
[-14,129.35],
[-15,129.35],
[4,84.45],
[17,65.41],
[18,65.41],
[21,78.31],
[26,78.31],
[5,82.60],
[7,64.71],
[78,48.25],
[85,48.25],
[31,119.36],
[35,119.36],
[5,117.67],
[6,117.67],
[16,130.49],
[17,130.49],
[3,64.40],
[44,47.45],
[47,47.45],
[3,103.29],
[28,117.16],
[3,52.40],
[72,39.76],
[-15,52.58],
[-16,52.58],
[10,25.64],
[3,133.29],
[81,67.53],
[11,58.42],
[8,58.42],
[3,84.84],
[5,84.84],
[10,98.25],
[12,98.25],
[-10,52.00],
[-8,52.00],
[-3,59.64],
[7,141.36],
[3,50.56],
[8,59.75],
[-5,101.37],
[-6,101.37],
[8,102.05],
[25,42.34],
[29,42.34],
[-4,48.66],
[3,102.27],
[11,59.26],
[9,59.26],
[209,53.76],
[239,53.76],
[-10,97.03],
[-12,97.03],
[-5,95.17],
[314,95.00],
[385,95.00],
[7,83.38],
[9,83.38],
[-19,22.15],
[-20,22.15],
[3,51.28],
[-22,67.75],
[-23,67.75],
[69,32.50],
[77,32.50],
[3,33.98],
[3,94.78],
[59,34.34],
[63,34.34],
[28,73.73],
[3,66.46],
[8,92.64],
[9,92.64],
[3,91.84],
[4,139.73],
[25,55.44],
[6,82.39],
[7,82.39],
[5,126.85],
[-5,80.71],
[54,63.86],
[57,63.86],
[-7,139.33],
[5,78.95],
[408,67.25],
[489,67.25],
[3,77.34],
[16,50.96],
[3,84.90],
[3,63.53],
[117,-0.25],
[124,-0.25],
[8,58.43],
[-6,96.02],
[5,51.71],
[8,80.50],
[3,57.77],
[17,57.22],
[19,57.22],
[-7,85.44],
[-8,85.44],
[8,55.18],
[9,55.18],
[2598,60.38],
[2685,60.38],
[3,127.31],
[3,95.85],
[17,151.39],
[18,151.39],
[8,40.09],
[3,74.39],
[856,114.12],
[898,114.12],
[44,28.01],
[51,28.01],
[26,37.45],
[29,37.45],
[3,52.65],
[20,58.87],
[21,58.87],
[24,16.35],
[25,16.35],
[3,88.00],
[6,103.70],
[8,103.70],
[3,109.63],
[3,90.96],
[-6,90.45],
[3,88.91],
[40,51.03],
[44,51.03],
[3,36.28],
[3,58.51],
[10,29.87],
[767,101.27],
[895,101.27],
[11,69.39],
[26,53.71],
[27,53.71],
[4,58.25],
[5,58.25],
[5,70.56],
[11,77.40],
[12,77.40],
[-3,65.50],
[-4,65.50],
[5,56.87],
[6,56.87],
[3,36.51],
[22,54.40],
[3668,61.22],
[3686,61.22],
[4,117.16],
[3,119.44],
[4,117.16],
[-3,53.89],
[28,80.31],
[29,80.31],
[-4,64.77],
[-5,64.77],
[-4,153.54],
[-7,153.54],
[3,61.32],
[3,88.73],
[4,88.73],
[4,115.13],
[3,136.62],
[5,71.82],
[7,71.82],
[7,162.50],
[215,57.08],
[275,57.08],
[292,70.93],
[323,70.93],
[48,122.50],
[54,122.50],
[3,87.73],
[3,115.13],
[-9,56.61],
[-4,78.25],
[54,40.29],
[60,40.29],
[-6,79.56],
[-6,63.23],
[-7,63.23],
[10,103.01],
[11,103.01],
[57,107.60],
[6,62.05],
[7,62.05],
[4,145.87],
[26,83.60],
[27,83.60],
[20,61.69],
[21,61.69],
[18,58.50],
[20,58.50],
[5,42.16],
[7,42.16],
[6,109.10],
[7,109.10],
[6,93.58],
[4,98.00],
[566,91.78],
[584,91.78],
[6,26.63],
[8,26.63],
[4,117.16],
[5,117.16],
[9,23.45],
[4,78.77],
[5,78.77],
[32,120.26],
[35,120.26],
[-14,71.82],
[-6,71.82],
[3,69.02],
[110,34.26],
[130,34.26],
[4,77.29],
[6,77.29],
[16,84.90],
[18,84.90],
[3,83.29],
[12,97.03],
[293,85.30],
[299,85.30],
[19,24.23],
[20,24.23],
[7,105.09],
[-6,48.46],
[-7,48.46],
[6,135.27],
[24,135.77],
[26,135.77],
[11,33.74],
[8,75.43],
[10,83.75],
[16,97.43],
[19,97.43],
[3,128.16],
[-3,133.29],
[165,80.72],
[182,80.72],
[3,58.50],
[5,52.67],
[4,133.29],
[4,48.17],
[71,59.36],
[6,86.71],
[3,44.75],
[4,49.65],
[3,16.77],
[4,16.77],
[-3,89.47],
[-4,89.47],
[11,81.65],
[-3,127.13],
[-4,127.13],
[3,103.04],
[7,103.04],
[4,71.82],
[18,60.84],
[24,60.84],
[6,97.70],
[7,97.70],
[3,40.68],
[91,76.55],
[92,76.55],
[69,85.88],
[77,85.88],
[3,93.58],
[3,84.64],
[5,81.65],
[6,81.65],
[3,109.13],
[4,36.20],
[5,80.90],
[11,54.62],
[7,54.62],
[11,67.53],
[5,69.32],
[11,73.73],
[13,73.73],
[228,92.97],
[261,92.97],
[12,113.10],
[9,113.10],
[4,59.16],
[3,63.86],
[4,63.86],
[7,126.45],
[18,142.85],
[6,69.85],
[7,69.85],
[3,81.42],
[4,118.68],
[4,73.48],
[128,71.77],
[239,71.77],
[3,102.53],
[6,59.99],
[3,55.89],
[5,82.39],
[7,82.39],
[37,62.79],
[43,62.79],
[3,81.24],
[6,43.09],
[7,43.09],
[-4,144.35],
[-5,144.35],
[-3,90.09],
[61,69.68],
[68,69.68],
[40,73.41],
[4,95.03],
[27,111.33],
[33,111.33],
[3,59.04],
[6,112.09],
[3,43.95],
[5,43.95],
[4,61.33],
[5,61.33],
[9,67.59],
[3,80.07],
[4,80.31],
[37,53.43],
[311,63.50],
[584,63.50],
[-6,33.80],
[3,56.27],
[4,56.27],
[-3,131.90],
[14,96.93],
[18,96.93],
[45,79.56],
[59,79.56],
[4,75.32],
[34,50.18],
[252,50.11],
[19,125.62],
[22,125.62],
[10,151.00],
[10,103.70],
[11,103.70],
[3,61.38],
[7,36.16],
[13,136.47],
[16,136.47],
[4,91.78],
[5,43.56],
[112,49.48],
[61,49.48],
[10,118.18],
[19,111.13],
[36,111.13],
[5,61.51],
[-3,59.83],
[6,86.71],
[15,52.90],
[20,52.90],
[7,71.29],
[3,90.13],
[4,79.56],
[-8,46.10],
[5,42.70],
[7,42.70],
[-3,65.98],
[4,53.99],
[3,67.80],
[4,67.80],
[3,151.00],
[-3,31.11],
[13,106.75],
[16,106.75],
[-35,52.02],
[11,49.54],
[7,49.54],
[3,58.79],
[3,90.94],
[4,55.61],
[-3,139.30],
[3,103.04],
[8,95.17],
[3,50.47],
[3,58.96],
[6,97.00],
[8,97.00],
[-4,63.76],
[5,62.97],
[-3,44.69],
[-3,61.31],
[-5,61.31],
[3,88.73],
[-3,66.37],
[3,44.43],
[28,87.95],
[55,87.95],
[4,122.50],
[5,122.50],
[5,67.03],
[4,87.95],
[3,71.29],
[4,71.29],
[4,39.33],
[3,80.90],
[10,69.79],
[5,69.79],
[9,44.17],
[4,151.00],
[10,91.84],
[3,91.84],
[3,53.89],
[4,55.41],
[4,44.23],
[5,44.23],
[3,86.97],
[7,46.32],
[3,97.03],
[11,69.11],
[7,69.11],
[125,56.24],
[52,56.24],
[3,130.25],
[3,57.31],
[5,57.31],
[7,44.38],
[3,79.35],
[15,61.41],
[24,61.41],
[17,151.00],
[9,151.00],
[4,60.64],
[5,60.64],
[3,45.41],
[6,45.41],
[3,106.25],
[4,81.42],
[17,36.59],
[5,36.59],
[3,82.83],
[-22,107.60],
[3,100.51],
[3,100.39],
[91,75.43],
[42,87.68],
[37,-2.17],
[3,57.52],
[3,166.99],
[-10,75.22],
[819,102.05],
[17,93.70],
[353,65.56],
[166,64.63],
[17,100.39],
[2203,91.60],
[5,109.09],
[3840,57.77],
[32,69.16],
[18,101.27],
[-3,103.70],
[4,84.81],
[17,127.22],
[661,47.07],
[30,107.60],
[282,76.50],
[54,59.64],
[8,43.96],
[105,142.54],
[5,144.35],
[4,102.62],
[136,118.18],
[4,57.10],
[4,95.91],
[21,92.93],
[28,44.73],
[3,61.08],
[172,40.08],
[52,68.07],
[4,134.08],
[5,68.23],
[-20,167.92],
[76,103.01],
[3,112.09],
[-6,55.13],
[37,45.70],
[127,61.33],
[3,73.85],
[13,95.69],
[3,60.19],
[11,85.92],
[17,63.70],
[66,66.54],
[758,30.19],
[3,88.73],
[21,170.46],
[41,89.57],
[3,64.47],
[7,112.94],
[11,90.79],
[90,102.78],
[4,113.55],
[62,90.96],
[11,100.24],
[17,97.70],
[33,75.50],
[7,45.67],
[28,98.25],
[18,128.75],
[186,62.36],
[52,71.03],
[25,54.67],
[111,60.75],
[59,79.81],
[4,76.75],
[11,118.18],
[1087,53.72],
[3,102.53],
[5,59.07],
[21,94.70],
[3,88.91],
[229,97.43],
[11,39.14],
[5,77.81],
[182,96.06],
[23,44.73],
[4,96.56],
[26,28.04],
[137,72.62],
[1697,85.86],
[835,61.70],
[36,78.87],
[62,108.27],
[4,126.45],
[7,96.58],
[3,37.94],
[18,28.75],
[691,51.96],
[7,120.55],
[476,54.71],
[4,72.62],
[4,83.85],
[26,53.38],
[10,95.95],
[4,95.17],
[3,89.52],
[375,37.05],
[4,26.85],
[508,88.48],
[3,76.03],
[66,55.12],
[8,57.72],
[8,83.32],
[124,50.67],
[7,144.35],
[11,54.70],
[8,130.25],
[300,59.21],
[3,75.88],
[85,76.82],
[7,76.67],
[154,118.43],
[5,75.34],
[17,90.32],
[41,24.98],
[2055,81.35],
[1748,53.39],
[305,75.88],
[587,80.33],
[36,95.17],
[11,62.96],
[-4,145.87],
[-18,81.24],
[5,164.67],
[89,108.03],
[10,79.62],
[7,21.72],
[49,56.25],
[-16,65.78],
[9,85.16],
[28,54.34],
[10,73.80],
[32,77.95],
[22,72.33],
[17,82.48],
[9,63.02],
[15,68.82],
[94,63.61],
[4,134.08],
[3,87.28],
[8,81.86],
[36,55.99],
[30,72.52],
[-4,77.61],
[8,112.09],
[7,78.87],
[4,122.50],
[172,66.34],
[95,53.40],
[1103,51.99],
[594,45.47],
[8,52.71],
[9,1.26],
[5,63.49],
[-4,115.13],
[77,90.96],
[-3,89.61],
[43,66.53],
[12,-6.69],
[5,78.77],
[15,103.54],
[3,36.45],
[21,66.10],
[11,83.75],
[4,81.89],
[182,103.62],
[25,103.33],
[10,88.91],
[4,66.80],
[69,81.42],
[5,167.03],
[18,31.01],
[6,55.94],
[8,88.51],
[17,122.15],
[142,122.50],
[4,100.71],
[6,69.84],
[11,151.00],
[4,81.89],
[4,101.27],
[3,84.15],
[10,26.68],
[1443,34.26],
[4,60.63],
[4,130.25],
[13,103.01],
[23,130.77],
[207,48.53],
[9,61.67],
[5,103.04],
[3,48.64],
[10,36.36],
[13,34.20],
[3,71.82],
[4,96.02],
[8,92.86],
[6,85.30],
[4,95.69],
[8,118.85],
[6,35.82],
[4,39.33],
[65,145.84],
[5,126.45],
[5,109.13],
[10,49.83],
[6,61.74],
[4,84.90],
[116,38.33],
[5,90.05],
[38,77.07],
[16,71.90],
[72,30.72],
[148,124.69],
[3,151.00],
[5,6.39],
[94,90.13],
[5,77.10],
[23,78.25],
[-9,87.95],
[19,66.72],
[206,107.60],
[15,94.30],
[10,103.04],
[7,50.13],
[13,73.14],
[3,102.05],
[3,133.29],
[18,44.80],
[23,54.23],
[15,90.09],
[5,50.43],
[3,40.94],
[75,78.20],
[16,79.35],
[48,65.73],
[3,57.10],
[3,76.59],
[21,60.71],
[27,90.13],
[9,100.68],
[308,34.39],
[13,78.25],
[4,29.33],
[12,84.90],
[87,94.30],
[-12,76.27],
[77,81.86],
[4,118.18],
[7,47.30],
[37,85.16],
[134,90.13],
[3,109.09],
[3,61.64],
[3,73.17],
[38,55.93],
[55,56.97],
[8,44.57],
[-8,111.33],
[7,124.69],
[272,9.86],
[4,77.20],
[3,92.97],
[2081,67.76],
[6,71.28],
[4,70.85],
[5,40.05],
[4,63.76],
[6,73.17],
[3,83.25],
[3,22.47],
[3,61.24],
[4,108.27],
[5,58.22],
[-3,115.34],
[25,101.93],
[3,95.69],
[9,62.17],
[3,151.00],
[6,76.02],
[3,114.12],
[3,142.54],
[7,85.58],
[3,139.73],
[10,127.07],
[3,-1.28],
[4,74.50],
[476,66.40],
[4,80.78],
[5,117.16],
[6,95.73],
[3,47.83],
[3,139.73],
[7,26.01],
[3,90.13],
[-10,91.78],
[3,96.11],
[5,127.22],
[3,63.70],
[8,102.36],
[-3,183.66],
[-7,142.85],
[23,4.08],
[13,40.81],
[29,38.23],
[3,50.05],
[3,63.61],
[5,106.00],
[3,73.97],
[5,100.24],
[58,63.02],
[3,70.34],
[3,75.77],
[3,108.96],
[69,45.19],
[57,85.07],
[21,139.33],
[33,86.62],
[18,37.09],
[4,14.17],
[5,41.60],
[370,103.01],
[6,50.61],
[13,44.41],
[3,118.18],
[16,136.62],
[3,106.53],
[3,96.37],
[3,42.59],
[3,109.04],
[3,83.85],
[-3,52.13],
[3,49.42],
[13,119.19],
[45,45.61],
[3,53.19],
[-5,53.72],
[9,115.13],
[22,28.70],
[-8,114.24],
[20,80.07],
[-4,167.92],
[-3,90.96],
[13,84.26],
[223,26.86],
[3,81.65],
[27,89.90],
[3,95.73],
[3,97.34],
[-6,28.73],
[53,131.90],
[6,94.32],
[11,108.83],
[6,99.37],
[5,53.64],
[15,86.25],
[9,110.06],
[3,42.55],
[3,81.86],
[3,56.57],
[4,27.07],
[4,45.38],
[4,66.53],
[11,48.16],
[3,113.10],
[19,75.14],
[3,118.18],
[4,119.60],
[4,119.53],
[3,45.19],
[3,98.87],
[7,72.16],
[144,97.00],
[75,75.77],
[8,61.86],
[4,64.65],
[32,66.78],
[3,67.78],
[3,76.28],
[6,89.90],
[-6,0.67],
[85,56.70],
[3,65.30],
[33,50.13],
[3,64.92],
[6,49.09],
[3,-5.68],
[6,56.67],
[34,62.17],
[3,96.49],
[46,64.31],
[6,161.49],
[3,67.33],
[3,58.36],
[10,55.35],
[3,44.83],
[9,49.48],
[3,128.75],
[4,120.55],
[67,69.99],
[4,69.50],
[4,73.80],
[3,69.02],
[5,76.59],
[99,63.22],
[4,153.54],
[6,109.09],
[5,60.80],
[3,85.86],
[3,89.61],
[19,-7.91],
[3,60.40],
[3,117.11],
[9,81.77],
[14,139.30],
[22,42.10],
[5,83.32],
[-3,139.33],
[5,64.59],
[3,46.97],
[74,64.51],
[3,93.58],
[15,47.36],
[7,81.37],
[3,117.67],
[5,102.05],
[-6,65.15],
[20,55.40],
[-13,77.85],
[35,59.24],
[3,63.58],
[3,12.03],
[10,102.05],
[3,67.76],
[3,108.27],
[27,180.04],
[3,52.42],
[3,82.55],
[29,49.33],
[20,57.17],
[3,128.67],
[3,81.59],
[13,99.40],
[13,63.46],
[4,63.86],
[78,28.89],
[13,61.18],
[21,62.22],
[8,83.75],
[118,40.87],
[20,76.62],
[4,38.49],
[33,24.35],
[5,107.60],
[13,50.56],
[-28,60.76],
[-3,3.44],
[4,122.50],
[3,101.98],
[7,68.98],
[8,63.84],
[68,37.64],
[5,57.94],
[3,66.18],
[6,107.07],
[3,57.61],
[292,79.56],
[3,58.66],
[14,50.47],
[8,144.63],
[3,77.04],
[3,32.81],
[237,58.76],
[3,102.05],
[4,109.10],
[12,79.56],
[32,21.28],
[7,38.17],
[5,78.87],
[9,56.25],
[4,74.02],
[3,91.43],
[3,68.58],
[4,61.45],
[3,60.48],
[18,36.60],
[3,61.06],
[47,83.32],
[3,29.01],
[3,106.00],
[3,99.74],
[-4,83.14],
[4,61.27],
[3,92.01],
[15,89.08],
[6,58.02],
[113,49.91],
[5,106.60],
[3,103.38],
[3,119.70],
[10,35.95],
[15,36.41],
[6,31.99],
[-7,68.77],
[4,61.08],
[11,118.76],
[6,89.61],
[3,49.82],
[7,34.68],
[-3,31.10],
[3,101.37],
[4,65.30],
[3,50.30],
[8,30.31],
[4,76.55],
[4,93.70],
[3,18.63],
[51,75.18],
[4,103.01],
[10,43.96],
[3,85.31],
[3,71.82],
[10,28.31],
[3,103.54],
[13,64.83],
[3,48.62],
[7,60.06],
[5,86.65],
[11,20.66],
[7,66.79],
[5,58.48],
[9,63.59],
[15,54.88],
[3,63.05],
[3,131.90],
[3,31.48],
[3,68.45],
[4,87.10],
[6,55.40],
[4,71.04],
[3,63.61],
[3,103.54],
[3,87.68],
[3,144.35],
[132,20.42],
[1400,69.15],
[4,153.54],
[11,158.44],
[69,25.97],
[15,86.42],
[319,36.10],
[105,41.32],
[3,147.39],
[-6,108.70],
[3,79.51],
[7,17.09],
[4,95.17],
[189,111.75],
[72,80.90],
[37,35.31],
[433,-3.01],
[3971,8.25],
[593,95.17],
[1969,11.37],
[41,32.05],
[1388,71.18],
[-6,131.90],
[14,103.34],
[3,48.24],
[11,52.05],
[4,73.22],
[210,53.25],
[18,89.61],
[13,99.02],
[-4,33.73],
[378,52.24],
[15,28.69],
[53,108.27],
[88,125.62],
[7,109.10],
[51,58.17],
[63,50.67],
[53,17.40],
[22,53.89],
[47,103.01],
[5,122.50],
[192,59.27],
[-4,82.39],
[32,90.09],
[3,134.08],
[-29,88.91],
[3,46.50],
[-14,158.44],
[62,30.33],
[74,48.15],
[7,103.62],
[-3,34.74],
[3,47.79],
[38,141.30],
[136,22.41],
[4,70.22],
[4,114.12],
[93,107.01],
[231,93.96],
[-10,71.48],
[4,147.39],
[18,69.78],
[129,22.91],
[308,87.95],
[55,71.56],
[3,147.39],
[1182,83.32],
[10,56.80],
[7,91.43],
[3,128.75],
[500,88.28],
[93,123.60],
[-5,116.65],
[-4,75.50],
[1474,84.92],
[99,63.49],
[7,90.96],
[6,147.39],
[4,84.92],
[19,20.97],
[356,84.92],
[5,68.16],
[471,116.15],
[4,48.25],
[3,181.62],
[5,33.94],
[503,128.16],
[-5,48.98],
[73,88.82],
[4,63.84],
[3,93.23],
[-6,118.51],
[7,121.17],
[-12,81.97],
[799,144.35],
[67,92.01],
[113,84.90],
[107,98.25],
[16,100.24],
[4,98.68],
[8,60.84],
[38,52.93],
[4,30.66],
[3,128.75],
[11,112.65],
[3,102.05],
[13,118.68],
[4,38.98],
[7,64.66],
[4,118.68],
[36,85.86],
[3,84.90],
[3,71.72],
[12,64.06],
[-4,94.51],
[-13,57.72],
[5,19.59],
[29,109.12],
[208,90.96],
[3,84.90],
[18,47.41],
[206,66.10],
[-24,70.46],
[4,83.85],
[2369,118.51],
[5,80.22],
[12,73.85],
[7,84.45],
[4,77.10],
[48,90.09],
[-7,78.77],
[-10,75.50],
[6,75.85],
[36,113.10],
[3,20.89],
[4,11.62],
[17,52.65],
[5,50.48],
[142,68.98],
[-7,80.20],
[3,131.95],
[4,127.22],
[3,35.66],
[7,102.05],
[5,50.26],
[3,43.50],
[34,51.71],
[6,58.20],
[920,44.54],
[3,25.86],
[6,85.10],
[-7,139.33],
[5,96.58],
[4,44.31],
[5,40.78],
[4,50.62],
[3,132.68],
[394,54.70],
[16,46.07],
[3,48.03],
[-14,61.33],
[-3,85.38],
[3,131.90],
[-5,117.67],
[8,103.13],
[4,42.42],
[290,120.97],
[27,88.37],
[7,83.75],
[4,103.38],
[28,22.70],
[270,55.80],
[167,49.20],
[40,133.29],
[-4,93.58],
[-23,58.38],
[6,66.10],
[7,102.62],
[5,83.32],
[-7,81.65],
[5,84.90],
[145,87.95],
[14,139.33],
[3,66.79],
[6,107.60],
[-5,103.54],
[33,43.50],
[25,48.58],
[4,111.46],
[7,49.92],
[7,114.12],
[-6,154.94],
[42,118.18],
[7,37.88],
[3,72.62],
[7,119.19],
[8,38.30],
[-3,94.30],
[-4,122.80],
[8,106.90],
[289,66.79],
[4,54.08],
[8,107.60],
[3,95.17],
[3,58.41],
[8,26.70],
[14,67.03],
[23,60.96],
[-3,202.78],
[-5,75.88],
[263,88.00],
[207,57.71],
[10,70.08],
[182,71.62],
[6,77.20],
[4,78.20],
[-6,51.60],
[4,83.32],
[10,38.73],
[9,100.24],
[4,45.50],
[4,105.09],
[3,51.01],
[45,90.94],
[3,94.99],
[-29,41.67],
[3,120.55],
[645,119.19],
[4,98.68],
[4,32.17],
[718,59.10],
[10,87.68],
[5,51.60],
[65,103.38],
[3,99.23],
[83,84.92],
[307,99.40],
[18,59.21],
[23,50.64],
[151,31.09],
[35,37.51],
[3,59.64],
[5,46.82],
[18,70.76],
[18,65.65],
[3,56.44],
[20,55.04],
[5,118.18],
[7,74.81],
[3,63.84],
[62,102.62],
[3,13.44],
[7,103.56],
[3,63.87],
[10,85.89],
[104,102.53],
[31,55.60],
[3,70.14],
[79,78.25],
[3,77.91],
[122,47.79],
[4,49.52],
[17,47.31],
[4,51.11],
[113,48.53],
[44,65.94],
[59,43.29],
[9,104.05],
[3,76.27],
[1250,103.65],
[6,59.75],
[40,61.27],
[3,150.70],
[31,62.83],
[5,92.06],
[36,83.10],
[40,52.11],
[3,41.02],
[60,55.05],
[6,66.40],
[74,76.59],
[10,147.39],
[117,90.09],
[134,101.27],
[58,127.22],
[185,37.81],
[19,96.02],
[12,3.34],
[4,9.72],
[3,136.47],
[15,56.01],
[5,69.59],
[84,84.90],
[3,19.64],
[7,117.16],
[1094,63.58],
[34,21.40],
[3,57.44],
[154,73.17],
[3,54.73],
[24,22.19],
[86,111.07],
[28,51.07],
[77,84.15],
[15,34.41],
[6,57.11],
[4,53.01],
[6,57.73],
[13,96.02],
[-5,117.16],
[3,73.22],
[98,134.08],
[6,69.79],
[30,73.99],
[4,32.09],
[8,50.56],
[3,118.18],
[36,1.10],
[48,64.71],
[3,115.64],
[24,32.43],
[3,108.70],
[13,53.71],
[27,73.29],
[5,59.02],
[3,103.04],
[30,54.70],
[18,66.80],
[1143,31.69],
[33,26.52],
[20,79.26],
[15,103.62],
[3,89.77],
[12,97.03],
[3,54.70],
[13,102.05],
[23,18.18],
[256,89.47],
[31,59.90],
[12,75.50],
[43,47.23],
[3,64.93],
[27,109.04],
[5,113.10],
[7,50.61],
[3,78.25],
[3,71.07],
[3,108.96],
[115,91.25],
[-11,69.99],
[238,49.08],
[4,63.49],
[3,92.97],
[16,120.55],
[3,144.35],
[6,22.12],
[3,32.03],
[20,98.87],
[25,113.55],
[4,76.77],
[3,87.95],
[3,130.77],
[27,71.77],
[4,95.17],
[8,55.42],
[4,45.80],
[61,62.38],
[3,88.73],
[6,105.09],
[635,74.28],
[3,48.73],
[6,151.00],
[4,151.00],
[-9,72.33],
[6,74.81],
[-5,45.91],
[6,61.24],
[26,80.31],
[11,95.95],
[-10,54.16],
[7,56.25],
[3,113.10],
[104,102.05],
[21,73.53],
[45,96.06],
[26,73.85],
[3,65.61],
[4,86.71],
[5,6.66],
[13,80.31],
[53,0.30],
[37,76.28],
[38,7.05],
[11,101.06],
[40,59.64],
[3,71.82],
[11,103.65],
[2010,41.09],
[4,61.67],
[12,109.09],
[-4,89.52],
[8,43.84],
[4,118.18],
[3,118.18],
[9,73.80],
[4,58.06],
[7,88.14],
[53,41.72],
[33,86.45],
[39,61.24],
[11,71.45],
[4,83.32],
[3,78.92],
[12,76.80],
[10,84.45],
[5,57.94],
[4,181.62],
[6,93.33],
[24,71.58],
[26,62.61],
[8,50.26],
[3,66.79],
[3,119.95],
[16,101.98],
[56,69.78],
[275,95.69],
[3,35.31],
[34,46.50],
[11,100.55],
[17,26.68],
[11,46.04],
[8,58.36],
[5,118.18],
[14,92.20],
[15,83.85],
[3,80.31],
[47,117.16],
[7,60.19],
[4,73.13],
[3,94.59],
[5,111.13],
[4,58.79],
[5,103.62],
[125,86.02],
[5,65.15],
[27,27.00],
[3,103.54],
[31,130.25],
[4,24.29],
[93,41.63],
[4,43.08],
[6,93.54],
[7,77.10],
[4,64.92],
[4,69.23],
[95,49.36],
[12,80.07],
[7,101.27],
[7,167.03],
[27,44.22],
[31,103.70],
[3,35.10],
[3,63.49],
[17,81.35],
[17,70.48],
[5,81.89],
[3,49.48],
[4,48.66],
[-4,74.86],
[3,69.50],
[3,64.68],
[3,31.19],
[4,76.38],
[3,88.34],
[6,107.60],
[3,158.44],
[-3,81.86],
[-3,92.97],
[5,63.63],
[5,76.34],
[3,91.43],
[3,98.94],
[4,73.75],
[3,116.48],
[34,85.31],
[6,97.84],
[24,70.21],
[5,29.88],
[3,98.68],
[4,86.71],
[3,73.17],
[3,33.71],
[8,-2.21],
[3,88.71],
[3,84.90],
[3,63.86],
[40,61.49],
[-5,50.75],
[3,202.78],
[3,79.81],
[3,61.33],
[4,60.75],
[3,61.38],
[24,49.92],
[10,75.20],
[3,96.06],
[-5,61.24],
[3,57.17],
[3,134.08],
[3,136.47],
[3,31.97],
[4252,48.14],
[1647,68.29],
[319,29.84],
[856,121.46],
[1937,38.15],
[799,49.49],
[259,70.01],
[470,54.19],
[138,26.36],
[51,34.25],
[22,86.93],
[100,75.32],
[17,74.82],
[18,96.06],
[17,106.58],
[30,69.52],
[11,84.84],
[38,28.26],
[7,118.18],
[8,58.96],
[6,45.00],
[7,66.72],
[6,35.95],
[5,98.25],
[13,46.22],
[4,88.49],
[12,103.62],
[12,49.87],
[6,55.54],
[10,85.88],
[4,77.07],
[3,62.63],
[4,113.10],
[3,25.95],
[21,56.70],
[5,56.89],
[9,84.15],
[3,78.67],
[3,94.99],
[3,59.28],
[3,73.80],
[3,72.63],
[3,90.23],
[3,57.92],
[3,62.38],
[3,94.78],
[4,64.76],
[3,109.09],
[3,66.64],
[3,4.81],
[3,66.10],
[2332,48.10],
[524,93.58],
[386,73.31],
[187,50.24],
[86,45.46],
[107,47.07],
[100,39.95],
[275,58.44],
[46,88.62],
[39,58.60],
[34,115.13],
[60,68.82],
[126,116.15],
[11,73.78],
[13,57.26],
[25,39.56],
[76,60.82],
[39,77.67],
[8,88.73],
[8,108.27],
[13,62.30],
[6,77.40],
[6,132.03],
[5,72.33],
[5,61.24],
[5,89.09],
[5,95.00],
[5,83.75],
[13,59.14],
[10,72.83],
[24,70.51],
[10,105.09],
[3,63.06],
[4,73.03],
[5,60.40],
[6,45.73],
[4,50.23],
[4,65.45],
[4,102.53],
[11,85.87],
[6,62.30],
[6,103.21],
[7,100.57],
[8,60.23],
[4,75.10],
[3,98.02],
[3,45.80],
[4,93.70],
[4,103.34],
[4,96.58],
[3,72.33],
[3,105.53],
[3,135.27],
[3,119.40],
[3,106.10],
[3,69.99],
[3,61.89],
[3,65.80],
[3,108.14],
[3,87.28],
[3,70.82],
[3,88.00],
[3,90.96],
[3,65.60],
[3,52.49],
[3,65.68],
[3,52.13],
[4,75.25],
[3,80.79],
[3,52.17],
[3,80.31],
[3,98.52],
[3,71.82],
[3,67.76],
[3,116.15],
[3,41.91],
[3,103.01],
[4,46.50],
[4,74.03],
[4,48.33],
[10,94.51],
[4,147.39],
[4,90.01],
[4,80.59],
[5,73.33],
[3,72.28],
[3,36.19],
[3,136.47],
[3,130.77],
[3,98.85],
[3,104.68],
[3,120.55],
[3,95.42],
[3,99.02],
[3,78.35],
[3,79.99],
[3,127.22],
[6,66.45],
[3,77.81],
[4,35.12],
[5,41.59],
[-8,94.92],
[-9,100.24],
[667,93.58],
[1064,-0.40],
[252,141.36],
[216,118.18],
[187,103.54],
[84,26.69],
[24,87.40],
[76,64.42],
[59,69.79],
[11,66.10],
[18,88.73],
[10,45.82],
[6,103.70],
[6,91.66],
[15,122.15],
[5,86.71],
[4,113.16],
[6,108.27],
[4,108.03],
[3,86.42],
[3,101.27],
[4,73.31],
[3,44.41],
[3,73.25],
[3,45.28],
[3,105.88],
[3,142.52],
[774,74.86],
[181,45.54],
[36,46.59],
[76,67.44],
[31,55.43],
[8,94.60],
[8,99.37],
[7,101.98],
[7,87.40],
[102,58.48],
[7,69.79],
[5,47.55],
[8,33.66],
[14,86.42],
[18,65.67],
[11,96.11],
[5,94.30],
[3,53.71],
[3,91.78],
[3,103.65],
[-3,39.56],
[-4,32.32],
[-8,85.88],
[1225,40.18],
[325,60.28],
[176,89.47],
[30,90.99],
[44,68.69],
[19,103.01],
[13,86.42],
[11,98.87],
[4,82.33],
[12,48.96],
[4,108.70],
[4,118.76],
[5,63.37],
[6,20.66],
[3,65.25],
[-7,65.56],
[96,72.32],
[117,48.55],
[23,89.61],
[403,109.09],
[16,40.78],
[29,33.44],
[8,80.84],
[3,77.67],
[4,83.94],
[7,79.94],
[26,45.65],
[3,128.75],
[4,63.39],
[3,68.94],
[-7,108.98],
[-12,74.27],
[-6,134.08],
[-3,90.96],
[-6,134.08],
[-8,103.70],
[84,103.13],
[34,5.82],
[12,135.27],
[3,76.67],
[8,103.65],
[8,67.53],
[3,41.07],
[3,103.54],
[-6,90.09],
[244,58.42],
[351,58.41],
[189,35.95],
[36,95.17],
[114,47.98],
[21,127.07],
[14,83.23],
[87,76.28],
[10,42.43],
[67,49.33],
[14,89.47],
[6,88.49],
[4,49.67],
[4,73.54],
[11,102.05],
[4,10.00],
[4,85.88],
[3,62.87],
[4,76.50],
[5,116.15],
[6,69.14],
[5,64.93],
[-4,75.20],
[-5,78.25],
[-20,44.70],
[-56,39.50],
[97,104.62],
[48,48.02],
[105,111.24],
[22,127.22],
[23,92.82],
[19,48.00],
[16,160.48],
[27,145.87],
[23,66.40],
[12,56.25],
[9,90.94],
[6,147.39],
[16,116.65],
[6,111.35],
[4,108.40],
[4,98.68],
[6,117.16],
[4,-6.15],
[3,98.87],
[3,80.10],
[3,117.67],
[3,88.47],
[3,-5.68],
[3,128.75],
[-4,139.33],
[30,72.42],
[25,84.92],
[17,92.77],
[45,116.65],
[23,62.45],
[10,32.79],
[11,106.53],
[5,103.04],
[13,84.46],
[4,30.32],
[7,66.15],
[15,48.64],
[3,76.97],
[-3,54.73],
[27,44.86],
[11,58.87],
[32,130.25],
[17,28.84],
[14,0.17],
[7,31.42],
[5,49.91],
[234,37.58],
[67,64.67],
[13,94.04],
[56,32.45],
[10,63.49],
[10,43.94],
[9,38.10],
[14,79.35],
[12,31.43],
[3,144.35],
[3,116.65],
[7,44.05],
[5,0.11],
[3,40.05],
[246,69.79],
[37,45.75],
[118,43.96],
[22,90.11],
[40,69.39],
[8,55.08],
[7,54.67],
[15,52.17],
[5,167.92],
[20,41.55],
[14,13.78],
[13,87.69],
[3,124.16],
[3,69.62],
[6,45.70],
[7,70.67],
[5,84.90],
[4,88.73],
[-3,25.52],
[-10,82.43],
[211,118.18],
[163,85.10],
[13,98.55],
[31,65.73],
[27,84.90],
[13,88.91],
[16,129.00],
[3,118.18],
[8,113.10],
[5,44.14],
[3,95.00],
[4,87.95],
[-5,69.55],
[-9,72.33],
[39,68.82],
[129,61.24],
[51,57.73],
[27,60.71],
[4,56.28],
[6,-3.92],
[7,24.10],
[5,57.92],
[3,60.76],
[3,36.90],
[6,45.87],
[3,72.83],
[-4,83.32],
[-6,70.34],
[-3,75.88],
[-5,70.34],
[-10,83.32],
[-4,98.87],
[-3,80.90],
[-3,55.27],
[-3,142.85],
[-3,102.53],
[-5,81.55],
[22,89.47],
[25,95.03],
[21,89.52],
[7,69.99],
[6,74.07],
[3,128.75],
[3,54.73],
[151,92.06],
[30,88.49],
[90,22.77],
[54,117.50],
[89,90.94],
[31,88.40],
[7,41.04],
[6,68.38],
[8,72.62],
[14,69.30],
[5,84.15],
[4,108.96],
[10,57.55],
[10,76.59],
[6,54.73],
[4,54.21],
[3,72.49],
[4,84.90],
[4,74.82],
[6,72.05],
[6,51.07],
[3,83.32],
[4,99.37],
[5,52.91],
[5,183.66],
[3,131.90],
[27,87.95],
[11,76.55],
[9,135.27],
[7,41.60],
[7,59.24],
[36,33.20],
[5,49.65],
[5,66.82],
[10,78.11],
[6,56.97],
[48,48.03],
[35,109.13],
[62,134.83],
[28,51.16],
[12,54.70],
[10,70.80],
[8,98.25],
[8,112.09],
[6,83.85],
[7,70.29],
[6,8.27],
[3,61.75],
[3,135.16],
[-7,117.67],
[27,70.26],
[58,90.99],
[19,63.88],
[37,56.32],
[11,75.50],
[11,105.98],
[9,151.00],
[5,89.98],
[12,85.07],
[3,111.07],
[3,103.01],
[26,86.71],
[14,37.08],
[6,130.77],
[17,51.16],
[34,183.66],
[7,65.30],
[20,158.44],
[6,31.22],
[9,52.24],
[4,118.18],
[4,25.44],
[4,132.13],
[3,66.75],
[-3,30.98],
[-5,72.61],
[11,14.89],
[16,109.10],
[13,71.77],
[4,19.34],
[3,103.04],
[-3,51.00],
[1347,37.99],
[283,35.50],
[107,21.04],
[2663,128.59],
[735,66.07],
[150,98.25],
[258,7.00],
[567,98.25],
[44,89.26],
[167,46.77],
[63,110.55],
[21,139.33],
[47,33.16],
[37,59.64],
[17,29.00],
[7,73.75],
[6,114.12],
[16,89.90],
[5,92.86],
[24,98.04],
[11,69.14],
[11,60.96],
[7,56.25],
[4,61.08],
[5,56.25],
[4,74.27],
[5,66.42],
[13,139.33],
[9,134.14],
[9,86.14],
[8,63.23],
[3,139.73],
[3,98.25],
[3,76.95],
[4,84.77],
[3,144.35],
[3,41.40],
[9,53.24],
[4,28.86],
[3,0.30],
[3,114.62],
[4,103.62],
[4,37.90],
[4,43.78],
[3,87.95],
[692,39.90],
[429,33.46],
[1804,62.36],
[395,77.37],
[117,50.48],
[68,130.77],
[174,53.80],
[15,89.86],
[66,75.14],
[47,45.33],
[14,31.27],
[10,18.94],
[8,62.75],
[8,95.00],
[8,65.75],
[14,66.53],
[6,80.36],
[38,37.82],
[5,52.03],
[5,61.81],
[4,66.72],
[4,53.77],
[17,65.49],
[4,117.67],
[4,73.85],
[4,92.65],
[3,41.39],
[3,68.98],
[5,113.10],
[3,28.34],
[4,50.91],
[3,66.10],
[3,110.82],
[4,0.85],
[3,56.69],
[3,67.76],
[-3,120.21],
[-3,0.33],
[-45,77.23],
[-4,124.69],
[-6,181.62],
[1676,37.40],
[1645,56.04],
[582,39.57],
[197,99.40],
[164,127.31],
[69,90.05],
[53,36.36],
[9,49.27],
[11,59.78],
[14,139.33],
[51,25.84],
[4,90.09],
[12,35.27],
[3,42.81],
[8,72.05],
[17,27.99],
[5,66.10],
[5,116.15],
[5,54.42],
[3,35.94],
[3,84.66],
[3,106.60],
[-4,54.07],
[923,49.48],
[153,48.64],
[221,79.89],
[47,149.90],
[89,53.92],
[13,59.63],
[22,51.40],
[9,50.27],
[8,37.58],
[4,69.50],
[4,62.30],
[4,78.25],
[14,66.72],
[9,130.25],
[3,75.50],
[3,29.03],
[3,61.91],
[3,129.00],
[7,53.66],
[6,151.00],
[3,52.20],
[3,67.08],
[342,80.10],
[190,34.25],
[47,113.24],
[427,126.10],
[15,201.76],
[15,77.29],
[14,11.10],
[11,103.38],
[11,35.36],
[17,30.34],
[32,86.45],
[23,39.08],
[8,43.78],
[7,48.25],
[28,43.72],
[4,82.68],
[14,108.70],
[8,6.88],
[3,166.99],
[3,69.68],
[5,122.02],
[5,135.27],
[3,68.05],
[3,70.10],
[-5,139.33],
[-19,44.17],
[79,52.02],
[12,67.76],
[18,60.32],
[46,15.92],
[7,127.07],
[9,167.92],
[3,77.81],
[-18,20.83],
[-18,78.67],
[58,43.84],
[324,61.40],
[20,-6.36],
[13,120.81],
[26,82.48],
[9,102.62],
[9,156.42],
[43,95.69],
[85,122.50],
[18,93.33],
[3,87.35],
[6,84.84],
[4,116.65],
[-7,99.00],
[-3,91.78],
[30,89.52],
[76,74.65],
[170,23.85],
[5,82.55],
[12,103.04],
[18,68.16],
[3,80.20],
[13,65.01],
[9,79.35],
[5,47.83],
[9,49.02],
[3,70.80],
[-5,62.82],
[-35,62.70],
[-8,127.22],
[-7,73.85],
[-9,31.01],
[-5,91.75],
[120,36.90],
[31,25.99],
[29,64.92],
[76,37.80],
[11,50.37],
[11,46.30],
[17,78.21],
[3,86.40],
[3,103.70],
[-3,120.55],
[-7,72.84],
[-35,76.46],
[-7,86.40],
[308,39.74],
[171,95.94],
[60,91.26],
[28,96.29],
[14,10.86],
[57,99.23],
[29,78.81],
[32,65.73],
[3,44.25],
[4,49.54],
[3,110.06],
[3,79.81],
[77,12.23],
[28,75.67],
[73,64.89],
[7,60.57],
[6,40.90],
[12,47.61],
[20,98.68],
[77,65.56],
[3,73.05],
[3,68.29],
[8,82.39],
[11,43.71],
[3,30.33],
[8,31.46],
[3,111.07],
[5,45.10],
[4,50.24],
[3,48.09],
[-7,103.54],
[-10,42.00],
[-12,82.39],
[-3,117.67],
[-8,122.06],
[-3,22.55],
[-4,202.78],
[223,32.55],
[22,118.76],
[16,54.21],
[37,71.07],
[7,95.69],
[4,54.97],
[-5,75.14],
[-11,57.61],
[-20,66.07],
[-7,70.14],
[149,72.95],
[80,89.13],
[170,116.65],
[21,76.15],
[18,66.80],
[8,99.00],
[15,72.37],
[6,61.23],
[5,107.60],
[34,53.12],
[9,72.51],
[43,95.94],
[3,87.95],
[3,106.60],
[18,51.75],
[4,166.99],
[3,167.92],
[4,70.80],
[9,72.83],
[-3,46.67],
[-4,73.85],
[-8,59.56],
[-8,61.53],
[-4,84.64],
[-9,124.69],
[197,120.26],
[60,90.94],
[20,103.34],
[88,74.81],
[18,77.68],
[61,61.05],
[9,75.50],
[3,63.70],
[3,72.90],
[3,80.07],
[-5,63.76],
[-13,65.79],
[-5,90.09],
[-14,70.63],
[31,81.86],
[22,69.99],
[20,63.58],
[6,31.87],
[4,89.11],
[4,167.92],
[3,83.32],
[-10,79.09],
[-6,79.68],
[-8,54.72],
[-11,57.77],
[104,24.07],
[14,134.14],
[12,134.08],
[4,202.78],
[6,56.14],
[4,76.82],
[8,107.60],
[4,9.73],
[7,55.13],
[3,72.83],
[3,133.29],
[5,93.70],
[4,115.64],
[3,69.79],
[-6,103.54],
[60,78.88],
[24,52.25],
[33,37.00],
[7,65.59],
[6,57.23],
[173,72.62],
[143,39.33],
[402,111.45],
[47,52.58],
[18,130.77],
[50,130.77],
[33,89.47],
[4,108.14],
[4,105.88],
[-23,71.70],
[-5,115.13],
[-10,106.00],
[-6,103.65],
[-6,115.13],
[-23,86.45],
[-3,92.97],
[-4,108.96],
[-3,139.30],
[-3,73.99],
[-6,91.75],
[-35,63.75],
[-27,100.71],
[137,33.71],
[73,160.48],
[60,35.31],
[15,87.68],
[4,95.42],
[16,20.80],
[7,47.43],
[4,46.94],
[7,78.55],
[91,37.88],
[38,81.24],
[19,130.77],
[4,102.05],
[4,100.51],
[3,153.54],
[3,109.10],
[4,147.39],
[4,99.40],
[3,88.00],
[7,74.50],
[5,80.83],
[5,91.72],
[3,53.66],
[24,36.16],
[80,0.48],
[55,46.91],
[15,40.79],
[4,115.13],
[14,46.12],
[7,58.54],
[16,97.70],
[8,97.03],
[-8,50.61],
[-4,30.53],
[-7,62.70],
[-3,89.86],
[-5,65.56],
[-5,13.87],
[32,114.12],
[13,91.06],
[7,132.03],
[5,51.10],
[-8,139.33],
[21,54.71],
[17,68.77],
[6,103.62],
[5,84.03],
[5,101.93],
[6,202.78],
[4,46.26],
[10,117.05],
[3,120.55],
[3,84.40],
[3,116.65],
[954,115.55],
[1457,81.86],
[606,46.53],
[779,128.75],
[2116,97.03],
[1330,109.10],
[2658,88.73],
[124,59.96],
[452,102.05],
[216,103.38],
[169,103.01],
[33,103.70],
[99,92.97],
[294,58.55],
[15,76.56],
[15,86.42],
[51,125.62],
[10,80.53],
[19,128.75],
[41,61.40],
[91,57.72],
[8,57.31],
[7,69.79],
[26,82.33],
[5,64.15],
[6,54.98],
[13,151.39],
[8,103.62],
[4,59.63],
[4,84.92],
[3,83.01],
[5,83.51],
[7,145.84],
[3,103.70],
[3,26.97],
[3,53.47],
[4,69.60],
[3,52.58],
[4,71.70],
[3,89.61],
[3,117.11],
[410,70.93],
[31,17.97],
[30,74.81],
[191,118.18],
[130,135.27],
[84,56.25],
[10,184.84],
[15,56.75],
[22,45.50],
[14,56.97],
[8,66.10],
[14,64.92],
[4,75.50],
[-4,108.83],
[-8,47.22],
[-14,75.50],
[366,73.20],
[17,74.39],
[17,73.50],
[81,54.87],
[9,111.13],
[31,76.38],
[5,66.64],
[4,63.86],
[5,59.41],
[-22,99.27],
[308,74.86],
[83,74.81],
[11,62.36],
[21,77.04],
[13,97.03],
[6,54.45],
[10,56.24],
[5,35.66],
[46,99.53],
[3,183.66],
[6,57.77],
[21,118.18],
[3,72.83],
[3,95.67],
[6,67.43],
[5,103.62],
[4,97.00],
[-4,108.03],
[-12,139.33],
[201,79.51],
[116,62.47],
[84,67.33],
[23,41.15],
[11,43.35],
[35,99.00],
[8,67.76],
[3,57.92],
[12,122.15],
[6,89.52],
[3,108.14],
[-6,109.09],
[-3,160.48],
[-8,43.42],
[676,112.65],
[90,54.02],
[39,154.81],
[36,118.18],
[24,70.82],
[14,87.13],
[3,67.76],
[3,48.82],
[7,132.90],
[3,77.91],
[3,50.71],
[-3,82.39],
[-11,70.81],
[-3,95.87],
[-10,88.91],
[-12,139.33],
[-26,45.38],
[47,44.04],
[16,87.87],
[4,39.33],
[22,95.70],
[5,63.88],
[3,93.58],
[3,87.28],
[68,62.82],
[21,50.67],
[11,69.40],
[6,50.67],
[21,98.87],
[3,86.37],
[4,53.36],
[6,96.11],
[48,43.84],
[20,35.66],
[58,28.05],
[29,44.15],
[20,90.79],
[9,80.99],
[12,99.53],
[3,88.00],
[4,90.33],
[-17,99.00],
[-7,112.09],
[-12,22.32],
[-6,63.82],
[117,58.42],
[59,156.42],
[7,77.91],
[12,60.84],
[18,53.12],
[6,89.59],
[4,87.55],
[-9,69.79],
[-23,103.38],
[-20,81.24],
[-7,80.63],
[17,90.79],
[8,139.30],
[6,40.89],
[3,83.01],
[3,161.49],
[5,15.97],
[4,128.75],
[3,56.01],
[47,41.05],
[17,61.45],
[11,67.54],
[3,139.30],
[5,76.56],
[-5,139.33],
[84,33.47],
[126,88.00],
[18,77.10],
[54,107.78],
[20,58.41],
[7,95.95],
[12,78.55],
[-21,94.30],
[-21,10.43],
[85,65.73],
[26,64.67],
[8,89.61],
[7,0.87],
[4,55.93],
[3,37.64],
[8,42.87],
[-3,103.38],
[-14,53.57],
[124,44.58],
[13,87.77],
[37,61.23],
[15,47.21],
[8,43.96],
[3,128.56],
[3,81.42],
[10,76.97],
[3,57.18],
[3,85.16],
[5,91.84],
[23,70.01],
[6,43.33],
[3,85.89],
[3,92.43],
[-3,38.59],
[42,78.25],
[13,76.21],
[18,75.10],
[9,117.84],
[4,54.84],
[4,132.28],
[7,124.69],
[5,107.01],
[-3,70.80],
[32,66.53],
[4,80.47],
[3,60.74],
[3,87.28],
[-3,139.33],
[-4,120.55],
[23,102.62],
[60,99.00],
[16,41.55],
[8,90.96],
[9,108.98],
[4,131.90],
[7,86.71],
[16,94.56],
],

