["Score", "Readability"],
[9,59.53],
[4,49.20],
[8,56.45],
[-7,181.62],
[32,57.83],
[14,73.57],
[-6,20.49],
[10,54.76],
[24,82.55],
[89,48.80],
[6,33.69],
[9,48.30],
[10,161.49],
[8,69.79],
[25,49.02],
[6,69.24],
[5,88.48],
[4,54.06],
[13,38.83],
[6,60.07],
[8,21.71],
[819,64.47],
[848,64.47],
[12,71.77],
[7,63.51],
[4,56.77],
[3,53.11],
[20,60.71],
[10,45.75],
[8,59.95],
[4,71.42],
[241,41.71],
[247,41.71],
[3,70.67],
[122,47.91],
[125,47.91],
[5,47.62],
[3,55.36],
[4,51.59],
[4,59.21],
[3,59.89],
[28,-9.28],
[29,-9.28],
[11,40.71],
[8,40.71],
[22,19.75],
[25,19.75],
[-4,139.33],
[4,130.25],
[35,42.02],
[40,42.02],
[34,98.25],
[37,98.25],
[49,95.94],
[3,90.96],
[3,81.16],
[8,53.47],
[11,68.94],
[151,48.12],
[161,48.12],
[5,78.25],
[6,67.62],
[182,48.38],
[188,48.38],
[26,32.99],
[31,32.99],
[3,30.18],
[30,40.45],
[5,90.56],
[20,36.86],
[21,36.86],
[13,40.59],
[15,40.59],
[3,38.83],
[10,82.39],
[9,82.39],
[13,67.53],
[8,62.25],
[5,41.81],
[3,39.20],
[5,33.39],
[4,45.10],
[14,25.75],
[15,25.75],
[3,58.17],
[6,59.36],
[-23,139.33],
[-24,139.33],
[-11,61.04],
[-12,61.04],
[77,36.79],
[80,36.79],
[-8,139.33],
[-14,139.33],
[6,38.77],
[12,117.16],
[13,117.16],
[76,35.29],
[77,35.29],
[13,55.98],
[41,62.75],
[43,62.75],
[50,58.48],
[51,58.48],
[-3,139.33],
[-4,139.33],
[31,48.06],
[32,48.06],
[14,39.19],
[16,39.19],
[7,104.08],
[8,104.08],
[7,37.07],
[9,43.00],
[3,53.75],
[3,64.80],
[3,52.12],
[-3,52.69],
[14,49.21],
[-15,32.57],
[-16,32.57],
[3,145.87],
[11,64.16],
[9,64.16],
[3,35.68],
[18,142.85],
[19,142.85],
[-10,139.33],
[-11,139.33],
[3,53.11],
[11,118.18],
[4,117.67],
[5,117.67],
[3,51.01],
[7,58.36],
[8,58.36],
[40,97.17],
[41,97.17],
[7,56.12],
[3,83.60],
[4,83.60],
[7,69.57],
[9,69.57],
[4,69.11],
[6,76.55],
[4,44.17],
[13,31.87],
[18,47.79],
[20,47.79],
[10,61.01],
[9,61.01],
[-4,160.48],
[-5,160.48],
[13,77.91],
[14,77.91],
[-6,32.57],
[-14,33.34],
[-16,33.34],
[6,66.33],
[4,127.07],
[5,127.07],
[-3,142.54],
[5,24.11],
[6,24.11],
[3,139.33],
[6,139.33],
[5,34.53],
[6,85.88],
[19,68.63],
[9,75.51],
[6,98.87],
[7,98.87],
[8,89.09],
[9,89.09],
[3,49.73],
[4,66.24],
[6,112.09],
[9,112.09],
[24,62.78],
[25,62.78],
[-3,101.27],
[21,63.49],
[22,63.49],
[-5,94.78],
[-7,94.78],
[26,139.33],
[29,139.33],
[-8,139.33],
[6,34.05],
[11,53.48],
[7,59.63],
[8,59.63],
[3,72.94],
[6,63.73],
[9,47.16],
[3,37.88],
[7,75.10],
[3,60.87],
[22,59.68],
[23,59.68],
[10,62.52],
[11,62.52],
[11,92.17],
[13,92.17],
[10,67.53],
[14,67.53],
[4,108.27],
[6,62.51],
[7,62.51],
[7,50.47],
[8,50.47],
[21,94.30],
[24,94.30],
[10,97.84],
[12,97.84],
[4,55.84],
[-10,139.33],
[-12,139.33],
[7,63.90],
[-6,66.46],
[-7,66.46],
[8,124.34],
[9,124.34],
[7,68.75],
[4,45.78],
[5,45.78],
[4,62.75],
[11,70.08],
[9,70.08],
[13,50.88],
[14,50.88],
[3,48.66],
[6,94.30],
[7,94.30],
[4,71.41],
[5,71.41],
[15,72.62],
[17,72.62],
[3,80.31],
[22,10.57],
[23,10.57],
[8,91.17],
[9,91.17],
[-7,139.33],
[4,62.96],
[3,52.30],
[5,63.03],
[6,63.03],
[4,69.07],
[5,69.07],
[-3,78.19],
[4,71.90],
[5,71.90],
[3,80.90],
[3,80.10],
[3,64.39],
[4,64.39],
[3,57.73],
[5,52.08],
[7,52.08],
[4,107.91],
[7,51.79],
[4,122.06],
[3,87.41],
[4,87.41],
[-6,38.59],
[3,42.47],
[4,42.47],
[3,62.71],
[3,50.69],
[3,51.52],
[3,64.39],
[8,54.72],
[5,40.46],
[5,62.48],
[9,62.48],
[3,56.53],
[4,56.53],
[3,73.63],
[3,98.85],
[4,98.85],
[3,43.95],
[5,72.07],
[4,80.78],
[5,80.78],
[3,14.42],
[3,85.11],
[4,52.77],
[3,55.35],
[6,55.35],
[6,38.01],
[5,15.09],
[3,75.94],
[10,67.76],
[18,67.76],
[-5,60.77],
[-7,60.77],
[3,88.48],
[4,50.45],
[4,50.45],
[3,101.55],
[7,64.83],
[-4,58.41],
[16,91.75],
[10,13.97],
[9,43.96],
[16,83.25],
[8,37.92],
[9,34.38],
[5,29.02],
[57,95.95],
[3,21.31],
[26,47.21],
[3,4.31],
[-50,32.56],
[47,19.95],
[36,31.49],
[13,48.81],
[193,60.71],
[5,58.89],
[3,31.38],
[61,121.46],
[14,50.01],
[4,73.15],
[-16,139.33],
[3,74.39],
[3,66.61],
[5,73.78],
[65,50.69],
[-8,37.55],
[9,72.52],
[-9,44.73],
[390,46.85],
[3,29.61],
[10,45.88],
[9,78.01],
[-14,61.91],
[23,50.80],
[5,47.87],
[15,75.47],
[-3,139.33],
[4,49.87],
[-37,46.12],
[5,139.33],
[11,65.06],
[142,72.61],
[-17,139.33],
[5,57.29],
[-11,139.33],
[-8,139.33],
[128,83.85],
[30,61.71],
[-3,62.33],
[-9,139.33],
[16,53.25],
[31,88.49],
[-6,83.25],
[96,70.56],
[16,48.91],
[9,74.31],
[3,81.77],
[10,50.19],
[70,46.24],
[9,87.68],
[8,65.17],
[-3,57.61],
[9,66.15],
[4,40.09],
[4,122.50],
[17,45.46],
[33,51.86],
[13,80.93],
[4,67.86],
[3,72.25],
[3,12.83],
[3,79.09],
[10,75.22],
[31,63.23],
[34,39.93],
[10,55.35],
[-3,87.95],
[17,67.26],
[-7,202.78],
[4,59.04],
[20,93.58],
[3,127.07],
[4,37.26],
[8,53.42],
[3,59.50],
[35,70.51],
[6,46.95],
[18,41.51],
[-4,139.33],
[3,60.71],
[5,40.29],
[5,64.92],
[-10,38.48],
[6,59.91],
[-3,120.21],
[18,42.99],
[3,86.42],
[13,59.44],
[6,96.01],
[4,139.33],
[4,41.55],
[59,92.65],
[6,65.66],
[-4,78.77],
[20,90.65],
[4,86.71],
[19,45.39],
[3,75.98],
[12,71.31],
[-5,139.33],
[3,103.62],
[4,59.41],
[6,45.77],
[35,61.59],
[3,58.16],
[3,86.45],
[7,55.36],
[5,41.79],
[6,79.53],
[3,35.35],
[11,43.54],
[3,44.49],
[3,70.93],
[4,56.98],
[11,48.63],
[14,67.37],
[4,43.25],
[4,76.03],
[8,49.83],
[3,51.22],
[3,80.33],
[8,61.94],
[78,60.49],
[53,90.33],
[3,53.55],
[5,88.91],
[3,61.87],
[3,93.33],
[4,54.99],
[9,99.13],
[29,71.18],
[4,57.36],
[24,58.38],
[247,53.40],
[3,83.10],
[3,48.38],
[-11,67.01],
[10,83.10],
[76,90.33],
[7,55.27],
[4,60.59],
[44,57.61],
[3,-5.38],
[846,36.12],
[15,54.84],
[3,60.71],
[-7,139.33],
[4,94.30],
[3,31.38],
[-4,48.46],
[11,54.10],
[8,70.67],
[-3,167.92],
[7,122.15],
[-3,93.77],
[5,56.76],
[6,85.88],
[8,45.92],
[23,25.79],
[3,41.72],
[5,50.21],
[5,167.92],
[-3,139.33],
[6,15.67],
[3,100.81],
[5,62.60],
[4,51.71],
[6,48.39],
[8,70.11],
[8,70.29],
[-13,45.07],
[4,61.33],
[-8,112.09],
[7,94.32],
[-3,32.54],
[5,78.09],
[5,91.43],
[4,75.12],
[5,85.70],
[4,64.43],
[3,49.65],
[3,43.34],
[4,38.97],
[8,43.03],
[5,46.44],
[5,73.78],
[-10,47.17],
[-4,68.95],
[6,78.86],
[3,55.27],
[3,63.02],
[194,36.57],
[45,130.77],
[6,46.21],
[39,42.60],
[18,52.89],
[259,46.85],
[-7,139.33],
[10,54.40],
[-3,70.78],
[4,26.79],
[36,59.21],
[14,45.59],
[-5,151.00],
[66,78.38],
[-7,69.29],
[76,77.16],
[20,56.40],
[9,91.78],
[-15,139.33],
[47,25.80],
[16,85.27],
[24,65.95],
[5,59.53],
[48,79.85],
[5,34.05],
[-4,139.33],
[4,140.68],
[12,73.78],
[4,73.80],
[-5,48.64],
[8,47.20],
[-11,67.01],
[28,87.68],
[126,59.44],
[-15,33.80],
[5,78.77],
[22,35.10],
[6,119.19],
[50,24.35],
[3,44.04],
[22,39.44],
[3,63.49],
[33,49.72],
[5,44.08],
[43,62.02],
[7,75.34],
[6,22.80],
[22,46.31],
[26,57.07],
[3,16.57],
[4,87.95],
[6,55.39],
[20,60.76],
[3,8.36],
[4,28.59],
[4,59.07],
[-15,139.33],
[19,78.25],
[8,65.41],
[25,59.91],
[76,59.23],
[8,70.33],
[-14,139.33],
[30,48.04],
[9,27.09],
[13,68.30],
[7,83.01],
[4,40.39],
[9,30.81],
[12,118.68],
[7,117.67],
[67,42.93],
[3,51.73],
[60,35.31],
[9,7.95],
[9,65.21],
[30,62.88],
[24,71.28],
[-20,139.33],
[8,53.25],
[63,70.04],
[29,29.67],
[51,5.16],
[-10,51.10],
[14,52.40],
[3,100.24],
[4,91.43],
[14,61.22],
[3,66.23],
[6,103.54],
[-4,71.29],
[-9,122.50],
[33,83.01],
[33,45.51],
[5,65.08],
[7,60.84],
[4,72.08],
[4,98.19],
[5,70.63],
[4,74.89],
[3,100.66],
[-3,74.50],
[16,43.95],
[10,88.55],
[322,35.29],
[-3,73.29],
[3,54.97],
[188,102.97],
[-8,30.71],
[5,65.56],
[-17,139.33],
[6,24.38],
[20,29.35],
[10,24.73],
[6,50.06],
[44,68.08],
[24,59.07],
[8,95.00],
[83,59.91],
[5,31.83],
[10,120.00],
[11,52.65],
[21,54.67],
[5,57.92],
[19,51.36],
[21,95.59],
[10,68.44],
[24,74.52],
[5,91.78],
[11,10.73],
[3,85.76],
[14,44.38],
[25,99.53],
[7,44.30],
[16,71.14],
[3,26.36],
[140,49.77],
[113,34.75],
[3,50.70],
[3,65.00],
[15,60.78],
[-6,139.33],
[4,80.76],
[5,139.33],
[-11,139.33],
[6,60.27],
[-18,46.38],
[5,49.62],
[4,104.05],
[4,77.37],
[12,49.22],
[6,75.14],
[30,49.52],
[24,59.45],
[5,77.58],
[14,74.07],
[-5,139.33],
[10,78.38],
[8,103.34],
[16,80.18],
[-7,139.33],
[3,73.56],
[9,61.89],
[8,85.89],
[5,71.82],
[4,89.47],
[5,133.29],
[12,45.87],
[41,47.23],
[3,83.31],
[-32,139.33],
[-5,139.33],
[-5,105.41],
[3,36.51],
[28,50.20],
[-17,139.33],
[7,35.66],
[6,36.84],
[-3,86.71],
[-19,139.33],
[16,43.69],
[-8,139.33],
[3,37.94],
[3,69.50],
[6,55.40],
[5,80.78],
[8,27.02],
[4,76.50],
[5,70.83],
[-9,75.50],
[4,82.45],
[-3,8.68],
[4,86.62],
[-5,139.33],
[5,39.74],
[-5,139.33],
[3,73.90],
[-17,139.33],
[3,66.88],
[4,71.23],
[-10,139.33],
[3,72.93],
[5,58.77],
[5,79.56],
[-7,86.70],
[-8,139.33],
[-12,139.33],
[-4,97.03],
[5,75.77],
[15,81.63],
[12,60.27],
[11,60.24],
[20,66.35],
[-8,139.33],
[-5,139.33],
[-8,82.90],
[6,65.56],
[-9,139.33],
[-5,139.33],
[3,78.55],
[-3,139.33],
[3,86.71],
[4,28.04],
[11,51.37],
[11,56.98],
[10,59.10],
[4,61.22],
[12,39.03],
[26,61.76],
[6,73.36],
[17,71.75],
[3,43.83],
[-9,48.66],
[7,64.61],
[-7,95.69],
[5,51.92],
[-9,84.84],
[3,90.09],
[-5,53.93],
[3,40.87],
[5,24.33],
[4,87.68],
[-3,142.54],
[3,92.43],
[4,36.51],
[10,47.60],
[-8,139.33],
[-12,71.82],
[-8,83.32],
[-14,117.16],
[-12,71.82],
[6,63.61],
[-13,52.58],
[-11,139.33],
[11,55.67],
[6,91.81],
[5,45.82],
[-4,67.80],
[-5,101.17],
[3,114.12],
[3,50.67],
[-10,76.67],
[-11,51.00],
[9,55.50],
[7,73.80],
[-3,84.96],
[110,54.56],
[12,48.21],
[9,51.28],
[18,93.70],
[11,72.62],
[5,103.04],
[3,36.28],
[3,52.38],
[3,158.44],
[4,103.85],
[3,96.86],
[-5,139.33],
[-10,139.33],
[-8,139.33],
[-4,139.33],
[70,98.97],
[30,63.20],
[28,89.54],
[51,79.60],
[19,86.47],
[18,82.39],
[37,80.47],
[36,61.09],
[14,54.93],
[18,133.02],
[6,47.83],
[7,59.30],
[6,69.71],
[3,62.53],
[3,64.21],
[3,64.92],
[5,38.13],
[5,44.19],
[4,52.75],
[-4,53.97],
[-16,130.25],
[-7,104.08],
[-27,69.68],
[340,32.63],
[39,61.20],
[36,47.42],
[57,43.78],
[93,42.78],
[7,76.79],
[11,54.61],
[20,48.91],
[6,53.46],
[6,51.77],
[21,54.35],
[3,47.74],
[16,42.29],
[14,46.80],
[4,52.23],
[4,54.33],
[3,44.80],
[3,41.97],
[28,38.53],
[4,57.10],
[9,58.51],
[17,58.42],
[3,56.73],
[3,55.88],
[6,52.02],
[3,70.11],
[4,52.33],
[5,55.10],
[3,139.33],
[5,67.09],
[-6,56.70],
[-12,48.24],
[-5,81.14],
[-3,118.18],
[-10,47.96],
[-5,139.33],
[-3,139.33],
[-3,139.33],
[-7,53.66],
[-4,136.47],
[-4,139.33],
[9,75.14],
[21,115.64],
[20,29.34],
[3,76.34],
[5,81.93],
[9,53.25],
[3,56.22],
[-5,181.62],
[-4,63.58],
[119,43.37],
[51,67.70],
[24,114.12],
[23,55.79],
[3,66.53],
[-29,139.33],
[20,51.58],
[27,38.41],
[3,53.12],
[-11,62.74],
[-10,72.83],
[-16,139.33],
[87,48.58],
[27,67.55],
[37,68.76],
[18,37.19],
[21,51.04],
[5,58.42],
[4,48.17],
[4,41.83],
[7,41.76],
[3,65.45],
[8,73.80],
[-3,58.85],
[-4,91.44],
[-12,72.33],
[7,61.93],
[7,48.70],
[3,69.79],
[3,39.53],
[29,28.50],
[4,64.63],
[3,58.48],
[14,48.47],
[8,49.54],
[4,55.68],
[6,59.68],
[-8,55.22],
[-14,85.16],
[6,47.29],
[13,118.76],
[3,70.56],
[6,94.30],
[3,101.37],
[5,139.33],
[-5,139.33],
[-15,95.95],
[-10,139.33],
[7,70.80],
[3,55.32],
[3,84.68],
[-3,130.25],
[39,37.40],
[8,61.36],
[9,75.50],
[8,58.65],
[13,52.69],
[17,74.24],
[12,50.49],
[15,107.60],
[5,87.61],
[7,118.18],
[9,80.43],
[4,65.74],
[4,73.72],
[5,63.46],
[5,55.43],
[4,55.53],
[5,54.80],
[5,54.75],
[4,81.07],
[4,81.65],
[4,51.58],
[4,52.90],
[4,48.73],
[3,68.76],
[4,48.40],
[6,74.25],
[4,54.78],
[3,76.69],
[5,33.81],
[-6,53.71],
[-10,82.54],
[-5,80.78],
[-4,44.83],
[-4,44.44],
[7,57.04],
[5,73.41],
[11,66.54],
[4,58.63],
[4,40.76],
[3,59.25],
[3,67.71],
[8,38.53],
[7,64.92],
[-11,69.75],
[-12,3.76],
[-11,57.11],
[3,36.51],
[10,58.27],
[6,105.92],
[5,67.75],
[6,20.46],
[12,93.92],
[5,40.24],
[3,52.94],
[5,55.25],
[5,39.48],
[3,25.28],
[956,61.97],
[1219,47.61],
[312,56.94],
[101,68.45],
[376,45.25],
[148,36.82],
[9,27.76],
[61,67.88],
[35,75.43],
[14,44.93],
[8,67.53],
[24,44.56],
[23,66.50],
[47,26.07],
[59,40.60],
[17,59.68],
[16,57.23],
[19,77.94],
[78,139.33],
[9,46.66],
[10,41.93],
[52,50.53],
[17,51.19],
[5,73.56],
[35,60.63],
[23,60.48],
[9,74.78],
[25,67.08],
[4,139.33],
[4,66.27],
[4,51.60],
[4,41.03],
[4,88.73],
[157,59.64],
[10,72.72],
[18,51.92],
[19,67.57],
[9,42.86],
[3,53.43],
[4,62.88],
[3,60.55],
[9,47.46],
[9,55.09],
[7,64.11],
[4,96.49],
[23,25.46],
[53,80.84],
[9,39.56],
[10,63.61],
[7,67.66],
[38,43.96],
[3,57.10],
[4,45.68],
[5,70.70],
[5,38.83],
[8,69.50],
[7,53.93],
[8,93.80],
[5,60.58],
[5,52.25],
[6,58.65],
[3,59.31],
[6,99.40],
[3,37.27],
[3,95.69],
[3,49.51],
[3,64.21],
[4,57.02],
[4,60.71],
[3,51.71],
[3,40.31],
[4,58.17],
[3,46.37],
[4,52.28],
[3,58.15],
[3,58.43],
[3,49.06],
[-13,27.82],
[-7,37.05],
[-4,68.19],
[-21,128.29],
[-11,66.79],
[-6,139.33],
[-12,50.48],
[-3,139.33],
[-11,49.49],
[-3,47.43],
[-4,70.31],
[-4,114.06],
[-9,65.57],
[-3,39.69],
[-5,93.58],
[-6,139.33],
[-9,139.33],
[61,64.85],
[24,64.42],
[14,50.77],
[26,76.97],
[21,61.83],
[11,75.41],
[6,50.17],
[4,60.56],
[59,113.10],
[20,37.96],
[13,116.15],
[13,27.52],
[23,51.00],
[12,58.44],
[15,70.56],
[37,30.95],
[14,44.48],
[7,46.04],
[14,49.67],
[3,78.67],
[-3,47.24],
[-12,70.84],
[-6,139.33],
[26,47.12],
[7,61.33],
[7,63.87],
[11,105.49],
[11,116.15],
[5,40.62],
[11,39.33],
[4,47.11],
[7,63.02],
[7,17.61],
[7,38.38],
[6,80.39],
[6,62.27],
[3,65.17],
[6,16.49],
[5,27.62],
[5,55.58],
[5,68.98],
[6,33.08],
[4,71.78],
[4,43.57],
[3,39.56],
[3,139.33],
[3,85.16],
[-4,116.15],
[14,89.54],
[22,66.10],
[11,68.89],
[11,70.14],
[8,51.33],
[8,50.87],
[8,58.41],
[5,110.06],
[5,74.31],
[5,72.32],
[9,31.12],
[4,103.04],
[4,51.58],
[3,102.62],
[4,82.59],
[7,80.30],
[3,69.79],
[3,50.10],
[3,79.00],
[3,64.92],
[4,73.78],
[3,57.87],
[3,65.54],
[3,72.63],
[3,48.03],
[3,73.54],
[4,108.70],
[3,61.88],
[3,82.59],
[3,57.20],
[3,75.36],
[3,117.67],
[3,84.46],
[3,94.44],
[30,53.07],
[28,58.23],
[17,57.16],
[5,102.05],
[26,49.81],
[6,52.28],
[5,58.16],
[-7,47.47],
[-5,139.33],
[29,42.10],
[49,62.08],
[19,62.41],
[6,62.53],
[5,43.16],
[4,38.39],
[6,73.63],
[3,107.15],
[3,56.24],
[3,82.82],
[4,91.54],
[14,68.23],
[28,70.06],
[42,52.20],
[16,52.73],
[4,66.64],
[5,47.35],
[23,78.46],
[13,44.41],
[6,74.27],
[3,40.84],
[-6,139.33],
[-8,77.46],
[31,90.96],
[10,67.44],
[13,75.35],
[9,29.41],
[7,51.28],
[4,41.55],
[5,73.14],
[3,139.33],
[3,-9.99],
[3,48.61],
[-3,50.33],
[-35,48.96],
[7,82.39],
[6,63.87],
[9,72.52],
[5,95.95],
[3,67.44],
[3,54.88],
[3,84.45],
[3,42.85],
[5,54.61],
[3,76.46],
[3,38.99],
[27,101.26],
[6,122.50],
[17,103.54],
[7,139.33],
[-3,139.33],
[-10,139.33],
[18,52.78],
[13,48.30],
[18,48.41],
[9,53.57],
[8,77.40],
[7,49.77],
[6,51.04],
[7,28.38],
[5,40.11],
[3,52.51],
[3,77.19],
[3,87.87],
[12,52.89],
[3,64.88],
[4,64.58],
[4,43.65],
[19,53.11],
[6,11.60],
[10,77.15],
[6,8.26],
[3,49.60],
[10,54.25],
[6,41.11],
[3,24.11],
[4,107.01],
[3,56.53],
],
