[[253,104.98],
[-7,99.53],
[21,139.33],
[12,134.08],
[-13,139.33],
[-25,139.33],
[53,80.78],
[24,72.51],
[-9,139.33],
[-3,139.33],
[11,55.22],
[-4,139.33],
[21,139.33],
[5,103.70],
[3,47.83],
[68,139.33],
[10,39.71],
[8,19.01],
[3,139.33],
[30,88.91],
[4,50.45],
[7,52.00],
[6,96.11],
[3,95.56],
[5,91.75],
[8,53.83],
[4,116.15],
[4,66.10],
[22,52.75],
[5,109.04],
[5,71.62],
[3,113.61],
[4,55.07],
[3,59.38],
[17,66.53],
[3,54.11],
[3,103.65],
[4,66.10],
[10,106.59],
[23,95.22],
[11,135.16],
[259,89.52],
[203,69.50],
[8,108.96],
[57,92.53],
[4,116.15],
[119,66.83],
[492,108.83],
[14,83.75],
[28,83.29],
[580,71.45],
[16,41.55],
[22,66.21],
[33,108.73],
[5,83.47],
[4,70.70],
[6,74.81],
[3,89.60],
[3,95.44],
[19,81.51],
[137,58.72],
[6,111.07],
[75,71.65],
[45,99.40],
[82,145.22],
[164,60.08],
[4,84.84],
[6,57.94],
[5,84.64],
[3,70.31],
[3,71.75],
[4,54.81],
[3,-1.28],
[18,69.50],
[3,46.00],
[45,78.67],
[4,103.62],
[3,81.15],
[3,81.35],
[3,108.27],
[5,82.90],
[4,54.73],
[4,46.21],
[4,101.93],
[4,19.03],
[3,101.27],
[4,108.27],
[3,139.33],
[3,118.18],
[3,57.96],
[4,83.85],
[3,55.68],
[4,127.40],
[427,93.58],
[8,103.34],
[6,87.95],
[4,56.04],
[73,100.24],
[46,95.95],
[11,22.60],
[-5,108.85],
[8,122.50],
[28,80.78],
[13,83.01],
[372,95.17],
[24,79.15],
[3,100.24],
[3,100.55],
[7,75.14],
[3,68.09],
[3,130.25],
[12,135.27],
[64,70.93],
[6,95.46],
[11,75.43],
[6,96.11],
[7,134.08],
[9,95.95],
[4,78.35],
[3,118.18],
[3,44.09],
[572,71.48],
[141,72.58],
[157,63.70],
[81,78.35],
[10,35.33],
[9,72.77],
[8,115.13],
[8,59.91],
[29,106.90],
[7,139.33],
[54,88.01],
[6,38.16],
[14,15.49],
[5,64.04],
[10,78.03],
[23,65.73],
[17,67.38],
[33,42.34],
[4,40.79],
[3,58.87],
[3,77.67],
[3,106.98],
[9,34.86],
[14,95.22],
[4,96.01],
[9,139.33],
[4,95.17],
[3,55.41],
[3,85.86],
[-3,79.53],
[-5,96.86],
[-8,65.06],
[68,83.29],
[18,96.49],
[10,116.65],
[6,52.43],
[4,109.10],
[3,69.79],
[3,89.61],
[5,66.47],
[3,81.16],
[3,78.77],
[3,55.04],
[30,106.60],
[22,50.70],
[12,60.87],
[41,116.15],
[8,78.35],
[7,95.69],
[4,109.09],
[3,68.07],
[3,81.42],
[4,139.33],
[3,69.79],
[-3,83.32],
[-14,72.33],
[60,172.15],
[54,105.88],
[12,70.28],
[8,67.44],
[9,160.48],
[8,53.55],
[4,76.55],
[14,131.65],
[3,109.63],
[4,94.51],
[-8,84.45],
[-6,50.47],
[-6,73.15],
[-13,84.45],
[6,36.39],
[3,-2.56],
[3,31.28],
[4,84.90],
[4,69.22],
[3,94.56],
[4,57.23],
[4,57.09],
],

