["Score", "Readability"],
[-9,53.39],
[54,144.35],
[11,103.70],
[55,91.84],
[4,77.81],
[36,101.93],
[32,107.86],
[95,66.10],
[-30,66.36],
[471,71.75],
[165,32.55],
[-51,84.05],
[284,54.67],
[1022,88.00],
[-11,133.29],
[3,139.33],
[21,96.02],
[10,111.33],
[-46,58.22],
[121,128.75],
[-5,91.38],
[17,79.00],
[2719,63.66],
[-7,161.49],
[479,57.71],
[14,133.26],
[-18,74.07],
[19,118.94],
[254,109.13],
[82,116.65],
[-37,70.33],
[367,95.17],
[-21,97.70],
[820,98.52],
[10,108.98],
[-10,76.97],
[-19,160.48],
[6,97.03],
[58,57.22],
[41,154.94],
[1917,80.78],
[80,68.22],
[869,141.30],
[192,41.37],
[365,110.04],
[789,49.48],
[26,85.14],
[4,90.96],
[401,80.47],
[4014,32.81],
[398,54.48],
[11,160.48],
[46,119.44],
[3,85.38],
[21,60.82],
[633,62.49],
[7,58.22],
[9,123.20],
[30,119.19],
[34,80.83],
[141,63.55],
[4,117.11],
[10,97.84],
[6,88.73],
[21,89.47],
[4,139.33],
[5,74.93],
[4,122.50],
[31,83.25],
[602,97.00],
[30,139.30],
[36,44.42],
[61,76.75],
[196,60.97],
[558,103.52],
[-3,122.50],
[43,41.02],
[136,104.82],
[138,56.70],
[574,56.08],
[-3,113.10],
[20,83.01],
[9,62.97],
[113,100.24],
[5,59.53],
[19,135.77],
[10,84.90],
[14,118.68],
[7,64.31],
[6,102.45],
[-5,77.09],
[-14,101.27],
[18,50.96],
[48,87.54],
[-17,55.58],
[19,72.83],
[3,151.00],
[9,118.68],
[316,95.17],
[372,88.00],
[347,86.88],
[69,115.55],
[22,139.30],
[3,61.27],
[184,113.10],
[7,133.90],
[3,75.34],
[6,101.27],
[89,89.60],
[79,114.62],
[20,95.00],
[39,92.86],
[186,90.96],
[451,85.88],
[60,119.95],
[39,90.96],
[138,89.47],
[71,95.03],
[50,80.78],
[66,90.33],
[13,36.28],
[21,75.32],
[16,102.05],
[6,74.02],
[5,20.98],
[6,81.86],
[19,80.78],
[5,45.25],
[6,95.46],
[5,103.54],
[42,144.35],
[311,88.73],
[47,139.30],
[7,61.05],
[16,47.79],
[-8,127.22],
[205,55.40],
[91,75.85],
[73,144.99],
[60,122.06],
[52,116.15],
[-44,82.39],
[3,116.65],
[-6,74.81],
[14,125.23],
[7,69.99],
[-4,87.49],
[1121,111.13],
[76,147.39],
[-10,87.95],
[61,77.29],
[205,52.21],
[7,83.25],
[3,151.98],
[161,136.47],
[7,160.48],
[14,103.62],
[145,118.18],
[-9,98.87],
[11,76.56],
[-4,69.38],
[15,80.90],
[104,72.63],
[160,79.09],
[148,92.54],
[-22,76.50],
[-3,109.96],
[17,154.94],
[36,118.85],
[18,55.29],
[5,84.84],
[74,66.41],
[6,56.25],
[6,81.42],
[5,60.11],
[3,134.08],
[17,68.23],
[290,62.29],
[36,115.13],
[4,127.69],
[-10,73.04],
[-10,107.60],
[8,75.14],
[16,80.31],
[6,66.65],
[6,60.71],
[6,83.20],
[5,123.20],
[10,80.69],
[17,75.50],
[24,124.69],
[4,103.04],
[-11,38.38],
[36,67.66],
[39,103.04],
[4,65.55],
[16,163.47],
[196,107.60],
[3,40.29],
[24,92.06],
[93,61.40],
[13,51.40],
[68,68.69],
[7,94.30],
[5,101.27],
[3,92.60],
[527,91.72],
[692,115.13],
[-4,84.84],
[80,27.54],
[18,116.15],
[4,108.70],
[3,131.90],
[6,25.94],
[-7,102.62],
[26,72.16],
[-8,70.63],
[3,103.62],
[552,89.52],
[5,108.63],
[47,76.50],
[26,128.75],
[3,63.87],
[-6,38.84],
[32,67.19],
[107,116.65],
[6,77.34],
[600,83.01],
[6,39.74],
[4,52.27],
[223,49.54],
[5,95.55],
[36,46.25],
[3,95.67],
[996,83.10],
[225,36.77],
[4,120.55],
[3,55.69],
[108,101.93],
[71,144.35],
[5,135.27],
[4,89.24],
[17,117.11],
[-17,18.30],
[47,151.39],
[8,49.71],
[3,102.78],
[68,88.00],
[3,127.22],
[-4,100.24],
[13,24.58],
[14,137.30],
[16,109.13],
[23,90.94],
[3,71.07],
[-8,85.07],
[-9,116.65],
[-3,116.69],
[204,83.85],
[4,92.97],
[5,108.70],
[3,74.50],
[61,96.11],
[377,71.45],
[221,63.40],
[17,110.06],
[1275,95.00],
[68,73.17],
[32,73.99],
[88,64.37],
[10,48.08],
[6,97.43],
[3,101.93],
[34,108.83],
[51,91.60],
[122,63.30],
[5,53.51],
[-3,124.69],
[19,72.04],
[3,163.47],
[421,90.96],
[7,101.51],
[6,57.61],
[3,87.95],
[143,118.68],
[5,148.91],
[102,78.51],
[14,59.90],
[35,96.58],
[30,73.40],
[-6,112.09],
[-10,82.55],
[7,83.32],
[22,119.40],
[-7,85.89],
[17,60.40],
[3,101.37],
[3,85.86],
[34,108.14],
[22,85.38],
[6,105.09],
[241,55.29],
[68,103.04],
[-4,102.53],
[3,111.07],
[4,81.65],
[3,125.62],
[518,24.10],
[-6,75.50],
[5,78.77],
[4,95.17],
[3,113.10],
[4,52.76],
[4,114.12],
[3,66.79],
[20,117.11],
[3,95.17],
[3,154.94],
[5,98.31],
[10,130.25],
[-3,75.99],
[3,89.86],
[-3,162.50],
[36,81.86],
[49,53.89],
[14,37.38],
[4,137.89],
[4,77.40],
[29,39.58],
[793,99.00],
[4,143.02],
[5,124.34],
[-6,75.50],
[3,103.54],
[31,76.35],
[6,103.69],
[-16,75.91],
[22,75.42],
[694,50.67],
[23,55.74],
[354,57.68],
[15,128.75],
[45,15.47],
[1240,69.59],
[23,102.53],
[3,102.06],
[-6,63.59],
[3,81.63],
[8,130.25],
[18,103.54],
[-5,162.50],
[4,81.55],
[3,43.62],
[139,84.92],
[16,71.41],
[23,54.73],
[3,151.00],
[3,144.35],
[3,3.20],
[50,56.98],
[5,94.78],
[-5,120.21],
[-4,87.68],
[5,99.40],
[27,74.52],
[4,70.51],
[3,90.66],
[-7,39.00],
[6,121.87],
[10,139.33],
[3,61.33],
[7,94.33],
[40,130.66],
[3,115.13],
[4,62.10],
[3,94.78],
[55,25.62],
[243,102.45],
[29,109.09],
[28,96.41],
[16,117.16],
[11,119.44],
[6,70.08],
[29,97.71],
[3,96.58],
[36,99.23],
[11,85.88],
[3,108.03],
[3,83.32],
[3,134.08],
[11,59.21],
[44,128.75],
[-4,40.09],
[9,144.35],
[4,73.30],
[-4,84.90],
[-4,116.15],
[18,53.40],
[-7,58.81],
[3,77.10],
[-4,60.54],
[3,100.24],
[-9,103.69],
[26,26.22],
[13,56.98],
[4,149.90],
[8,71.03],
[3,145.87],
[7,76.59],
[3,63.82],
[10,79.56],
[11,136.47],
[20,77.81],
[177,80.19],
[7,78.35],
[91,92.06],
[3,82.39],
[10,151.39],
[3,130.78],
[100,122.50],
[3,35.61],
[70,78.77],
[4,60.71],
[3,112.09],
[7,55.05],
[10,56.98],
[4,114.45],
[69,48.30],
[6,85.92],
[133,131.90],
[4,77.69],
[3,117.16],
[31,70.67],
[4,38.95],
[4,59.27],
[5,141.30],
[7,51.53],
[3,128.75],
[1364,109.13],
[4,151.25],
[4,73.95],
[68,73.80],
[4,61.33],
[-6,73.17],
[15,69.16],
[5,55.21],
[3,67.82],
[42,106.60],
[-12,111.75],
[-3,17.33],
[30,102.62],
[16,43.27],
[14,66.15],
[3,76.75],
[24,55.18],
[6,84.45],
[6,89.98],
[28,15.64],
[-4,118.18],
[-4,120.93],
[-6,83.10],
[11,94.99],
[8,107.60],
[33,54.43],
[-15,63.00],
[3,100.96],
[6,63.51],
[3,102.62],
[5,124.34],
[6,99.53],
[4,136.62],
[3,66.40],
[25,108.83],
[5,35.72],
[88,56.66],
[190,122.50],
[7,77.71],
[12,90.38],
[41,71.82],
[4,71.29],
[5,103.04],
[28,108.96],
[5,34.34],
[798,102.62],
[10,96.11],
[14,43.56],
[5,53.66],
[14,87.97],
[12,75.43],
[3,125.62],
[3,55.22],
[11,89.90],
[383,102.05],
[4,90.38],
[9,60.25],
[3,87.12],
[7,67.53],
[-5,83.85],
[15,109.13],
[3,75.99],
[5,91.60],
[8,71.25],
[23,125.23],
[11,90.23],
[3,90.94],
[8,91.66],
[180,35.61],
[4,81.94],
[19,15.33],
[5,45.25],
[4,70.10],
[3,54.48],
[24,29.50],
[6,2.53],
[9,79.84],
[13,128.75],
[11,64.09],
[3,75.48],
[9,114.12],
[3,76.50],
[3,55.01],
[31,119.96],
[4,40.78],
[4,59.34],
[4,66.46],
[94,66.75],
[-5,89.08],
[8,122.50],
[3,92.97],
[-3,50.43],
[3,26.97],
[3,64.66],
[3,88.91],
[11,99.60],
[27,54.80],
[447,51.56],
[29,74.52],
[17,149.52],
[3,28.33],
[170,109.04],
[-8,103.62],
[36,96.01],
[7,64.29],
[81,90.09],
[36,121.17],
[3,79.94],
[3,122.50],
[3,86.42],
[21,52.24],
[3,81.42],
[67,80.44],
[10,111.33],
[654,57.70],
[3,105.09],
[6,80.79],
[3,95.17],
[6,90.96],
[73,36.74],
[4,70.51],
[7,47.94],
[-4,83.10],
[4,39.06],
[3,99.41],
[8,41.60],
[4,57.10],
[52,102.62],
[21,83.85],
[-6,118.51],
[4,66.81],
[3,71.78],
[4,76.50],
[14,17.01],
[53,116.57],
[8,85.89],
[4,109.09],
[16,83.85],
[9,122.80],
[11,122.50],
[3,78.11],
[3,97.70],
[6,154.94],
[3,45.50],
[21,87.68],
[3,151.39],
[7,77.65],
[5,145.84],
[75,60.19],
[3,107.60],
[23,103.62],
[31,93.54],
[21,104.14],
[3,89.90],
[15,50.74],
[80,109.13],
[4,63.49],
[-6,136.62],
[12,65.57],
[3,78.20],
[12,57.18],
[4,78.92],
[6,115.64],
[18,92.17],
[9,141.30],
[3,61.45],
[3,59.81],
[-3,45.70],
[3,94.30],
[4,59.85],
[3,34.93],
[6,68.75],
[3,83.60],
[185,147.39],
[3,111.07],
[6,1.26],
[7,68.08],
[5,64.66],
[7,71.78],
[3,94.30],
[6,68.93],
[-5,129.00],
[3,7.41],
[4,107.01],
[4,153.54],
[26,131.90],
[21,75.88],
[9,115.13],
[13,75.71],
[14,62.82],
[10,74.33],
[5,95.94],
[86,56.88],
[4,76.98],
[29,95.50],
[3,39.90],
[8,59.44],
[13,141.30],
[8,85.89],
[3,99.45],
[5,135.16],
[46,52.48],
[4,103.70],
[46,57.94],
[-5,114.12],
[4,66.97],
[8,84.45],
[3,66.68],
[46,92.97],
[3,79.49],
[14,120.81],
[-9,81.87],
[3,80.33],
[4,58.18],
[3,95.94],
[-3,67.44],
[3,139.33],
[3,154.94],
[3,70.91],
[4,73.58],
[5,81.79],
[-9,99.41],
[9,62.11],
[24,119.19],
[11,57.67],
[4,94.56],
[242,135.27],
[3,33.73],
[3,64.71],
[8,58.50],
[19,54.65],
[-3,127.22],
[9,114.12],
[3,127.22],
[3,102.62],
[19,116.15],
[5,104.95],
[12,101.98],
[-5,65.31],
[6,120.21],
[3,21.53],
[4,83.32],
[13,88.73],
[6,126.45],
[33,92.93],
[4,107.86],
[57,88.73],
[3,65.06],
[3,59.28],
[4,81.86],
[3,67.82],
[-3,67.59],
[-4,72.62],
[49,98.87],
[3,97.03],
[4,117.11],
[5,77.65],
[-6,21.65],
[18,120.55],
[4,131.21],
[3,104.47],
[-3,90.96],
[3,116.65],
[4,52.22],
[7,53.67],
[4,60.49],
[20,48.69],
[25,2.43],
[4,114.62],
[46,39.74],
[11,65.78],
[20,114.07],
[6,78.20],
[39,107.01],
[28,80.55],
[33,26.07],
[3,-1.67],
[4,80.78],
[-6,108.03],
[12,151.00],
[4,34.59],
[166,68.85],
[5,76.89],
[12,147.39],
[-5,117.16],
[3,91.25],
[5,64.95],
[8,144.35],
[4,69.10],
[5,49.03],
[4,44.41],
[3,50.46],
[4,71.07],
[-7,66.10],
[4,53.76],
[3,55.41],
[3,57.79],
[3,48.12],
[3,84.90],
[3,117.16],
[3,25.46],
[5,68.85],
[3,70.82],
[5,112.43],
[-7,57.94],
[3,91.84],
[3,57.57],
[4,46.18],
[57,44.41],
[4,57.07],
[31,87.61],
[6,53.13],
[8,44.65],
[13,154.94],
[4,22.71],
[3,49.34],
[5,57.43],
[3,124.16],
[9,125.23],
[3,63.39],
[3,107.60],
[372,34.59],
[26,114.12],
[-15,147.39],
[32,75.59],
[779,101.55],
[23,77.46],
[1265,4.58],
[4,151.39],
[-31,47.66],
[37,51.74],
[239,14.46],
[2987,139.33],
[160,58.20],
[161,47.83],
[-8,57.00],
[216,65.17],
[1931,144.35],
[13,116.15],
[865,92.06],
[58,83.75],
[253,87.95],
[-8,77.46],
[69,103.62],
[160,61.27],
[16,181.62],
[56,114.12],
[-15,90.96],
[515,40.39],
[2835,78.92],
[91,50.61],
[-8,93.15],
[398,97.03],
[48,42.26],
[57,103.04],
[19,161.49],
[102,130.77],
[32,103.54],
[186,72.26],
[2394,108.27],
[-4,42.71],
[677,92.65],
[355,65.17],
[9,147.39],
[73,81.73],
[543,89.73],
[4,64.92],
[15,70.14],
[14,103.38],
[1041,100.00],
[-28,63.36],
[250,51.45],
[539,39.53],
[11,66.47],
[6,86.42],
[5,109.10],
[5,125.62],
[-22,139.33],
[17,119.19],
[16,113.10],
[14,122.50],
[65,40.41],
[50,35.30],
[-95,22.27],
[7,89.90],
[100,92.17],
[38,65.30],
[16,91.43],
[4,50.61],
[6,43.56],
[1059,108.83],
[13,144.35],
[164,123.20],
[14,61.19],
[41,71.07],
[5,59.75],
[-6,121.39],
[199,35.91],
[1491,118.18],
[4,112.65],
[12,66.53],
[39,43.65],
[5,75.11],
[4,116.15],
[3,89.52],
[5,114.12],
[96,65.89],
[11,84.90],
[-8,56.65],
[76,69.79],
[26,14.08],
[5,44.41],
[1314,34.02],
[-5,139.33],
[15,-2.78],
[46,118.76],
[1124,71.28],
[7,92.97],
[-3,50.63],
[19,90.33],
[28,14.05],
[20,107.01],
[-5,55.39],
[3,60.19],
[-10,55.46],
[7,68.65],
[347,67.08],
[-7,81.24],
[-6,102.78],
[-6,55.89],
[49,64.92],
[105,60.36],
[6,76.59],
[22,59.21],
[357,-6.92],
[-25,11.46],
[3,34.84],
[10,98.32],
[45,66.10],
[22,142.85],
[8,78.87],
[3,89.86],
[3,85.07],
[48,95.73],
[272,62.33],
[-4,47.65],
[6,58.25],
[-6,103.62],
[42,120.55],
[4,44.44],
[36,87.95],
[595,48.03],
[11,61.56],
[327,61.22],
[37,66.83],
[67,37.47],
[64,64.62],
[19,142.85],
[2313,64.81],
[6,84.90],
[20,46.94],
[4,62.13],
[5,95.87],
[5,47.46],
[1124,43.81],
[426,67.42],
[47,139.33],
[3,46.69],
[3,59.16],
[3,144.35],
[327,133.29],
[3,80.90],
[25,41.68],
[4,154.94],
[3,93.58],
[24,85.10],
[3,73.85],
[-15,86.93],
[5,95.00],
[51,67.33],
[12,84.81],
[4,54.70],
[6,84.90],
[70,105.02],
[8,95.95],
[4,78.25],
[4,125.62],
[-5,34.74],
[7,53.72],
[45,15.47],
[25,67.53],
[6,78.25],
[16,76.02],
[42,145.36],
[67,80.99],
[3,124.69],
[178,56.77],
[164,103.62],
[-4,139.33],
[8,71.82],
[-3,131.90],
[10,83.01],
[415,48.55],
[3,97.03],
[4,60.74],
[5,78.33],
[101,99.00],
[5,55.58],
[-3,73.13],
[10,89.25],
[40,85.10],
[16,71.14],
[9,134.08],
[49,68.16],
[-3,50.95],
[3,84.18],
[146,107.60],
[28,77.68],
[19,103.54],
[22,64.18],
[241,102.05],
[-4,61.39],
[-19,98.31],
[19,76.67],
[67,51.03],
[9,162.50],
[20,103.70],
[15,119.70],
[39,-5.63],
[8,66.46],
[5,57.77],
[19,115.13],
[28,60.66],
[6,38.58],
[9,109.13],
[19,103.04],
[306,85.30],
[12,160.48],
[672,125.62],
[4,87.28],
[14,45.67],
[9,110.39],
[8,52.49],
[27,97.00],
[5,74.72],
[4,83.89],
[7,123.20],
[4,89.90],
[3,83.75],
[14,77.37],
[14,86.45],
[76,103.54],
[3,53.71],
[3,47.60],
[9,26.64],
[54,104.98],
[98,99.67],
[251,34.59],
[3,72.76],
[3,68.05],
[4,49.69],
[-3,85.95],
[6,91.43],
[3,74.81],
[5,163.01],
[-11,156.42],
[3,63.87],
[7,59.30],
[20,74.27],
[3,69.19],
[3,85.07],
[3,56.94],
[160,60.63],
[13,139.33],
[3,62.11],
[3,89.52],
[3,73.40],
[4,130.30],
[22,40.49],
[12,130.25],
[257,43.98],
[10,33.26],
[206,94.30],
[25,95.73],
[71,57.76],
[82,91.61],
[27,181.62],
[14,71.34],
[3,66.48],
[6,55.22],
[7,85.38],
[5,88.00],
[219,71.82],
[30,106.53],
[87,72.37],
[122,86.71],
[15,42.47],
[6,127.22],
[3,51.18],
[12,50.67],
[29,82.33],
[31,63.29],
[37,55.13],
[71,78.30],
[266,82.39],
[5,79.09],
[9,97.03],
[15,84.18],
[4,115.13],
[3,76.48],
[-3,80.10],
[3,139.30],
[3,54.40],
[10,118.18],
[109,107.10],
[6,139.33],
[3,90.79],
[149,50.24],
[3,46.15],
[-7,95.42],
[4,59.02],
[7,53.47],
[24,107.60],
[6,56.98],
[8,134.81],
[5,110.82],
[15,97.70],
[3,91.78],
[-9,60.71],
[3,76.05],
[9,127.22],
[32,39.74],
[3,76.23],
[3,44.03],
[3,72.32],
[150,63.02],
[4,80.19],
[29,115.64],
[3,49.30],
[22,90.33],
[36,45.39],
[4,117.67],
[4,50.96],
[3,53.76],
[3,59.15],
[-5,90.96],
[5,59.94],
[23,39.29],
[4,51.80],
[321,120.61],
[29,80.31],
[4,103.04],
[3,111.07],
[6,108.27],
[4,63.51],
[-11,154.94],
[3,158.44],
[3,139.30],
[298,58.38],
[3,48.69],
[11,160.48],
[1476,65.01],
[6,72.52],
[18,22.41],
[3,79.56],
[4,117.16],
[5,63.84],
[10,64.82],
[8,118.76],
[11,100.71],
[18,69.46],
[52,82.79],
[5,76.59],
[195,83.99],
[19,81.59],
[22,48.69],
[218,55.94],
[4,34.54],
[7,56.78],
[9,41.99],
[3,80.90],
[4,34.08],
[-4,28.18],
[34,80.10],
[5,107.60],
[3,189.62],
[50,10.84],
[-3,86.42],
[10,43.28],
[-30,73.20],
[-3,78.20],
[38,98.01],
[13,117.16],
[39,46.04],
[64,82.04],
[14,134.08],
[-6,103.70],
[15,102.53],
[-6,89.60],
[9,89.24],
[4,145.93],
[4,160.48],
[414,84.90],
[13,80.58],
[15,145.93],
[31,44.43],
[30,63.49],
[3,139.33],
[4,145.84],
[72,97.70],
[-3,160.48],
[4,79.45],
[5,52.02],
[6,118.18],
[32,133.15],
[449,103.34],
[-4,64.80],
[21,77.78],
[7,77.91],
[133,117.67],
[3,89.86],
[23,111.07],
[7,57.73],
[44,88.91],
[6,74.84],
[-4,122.15],
[3,81.65],
[4,62.82],
[-7,120.55],
[9,24.23],
[10,50.10],
[23,89.09],
[42,75.50],
[-4,83.32],
[5,90.99],
[27,9.72],
[22,68.07],
[16,115.64],
[4,54.65],
[-4,116.15],
[5,55.18],
[3,59.21],
[8,66.29],
[13,93.58],
[147,51.95],
[3,78.25],
[64,28.80],
[-4,75.50],
[5,60.71],
[20,105.88],
[4,95.73],
[4,53.66],
[4,127.22],
[-4,50.26],
[-5,32.13],
[3,95.03],
[5,70.34],
[-3,78.77],
[97,123.54],
[73,98.68],
[29,61.78],
[3,13.44],
[14,82.39],
[8,14.28],
[3,68.56],
[12,88.57],
[-8,111.07],
[-7,116.15],
[14,51.45],
[4,60.01],
[20,51.65],
[3,60.69],
[-5,154.94],
[26,43.99],
[3,95.73],
[3,104.62],
[4,96.02],
[3,103.54],
[-7,160.48],
[3,39.47],
[9,-2.25],
[4,68.61],
[8,78.20],
[8,10.50],
[-6,117.67],
[3,60.63],
[3,135.27],
[3,131.90],
[3,84.52],
[69,90.13],
[3,113.10],
[41,55.27],
[76,62.59],
[4,49.05],
[9,78.79],
[6,66.10],
[-12,55.69],
[4,68.38],
[4,116.65],
[-11,110.39],
[4,127.22],
[-3,42.71],
[7,78.11],
[8,109.13],
[3,133.29],
[-14,68.19],
[3,60.96],
[3,62.88],
[6,137.30],
[4,69.11],
[12,67.53],
[5,75.28],
[7,103.34],
[4,82.29],
[5,112.43],
[10,76.55],
[5,135.27],
[20,56.35],
[4,103.04],
[3,50.04],
[140,38.06],
[9,85.88],
[5,52.70],
[9,128.75],
[-6,139.33],
[25,60.45],
[8,67.33],
[9,103.65],
[24,34.93],
[45,75.88],
[3,70.14],
[6,95.67],
[102,112.09],
[19,41.55],
[12,51.03],
[3,69.46],
[3,55.95],
[5,101.51],
[4,50.51],
[3,151.00],
[11,145.87],
[11,53.72],
[-5,92.65],
[3,134.08],
[6,103.54],
[4,39.78],
[3,71.78],
[59,70.28],
[35,167.61],
[6,62.97],
[8,158.44],
[4,134.08],
[91,35.35],
[4,74.43],
[37,20.49],
[-6,70.81],
[92,93.58],
[129,89.44],
[31,72.52],
[40,56.98],
[4,74.02],
[-13,147.39],
[21,103.70],
[9,93.50],
[-14,70.14],
[176,71.77],
[3,103.04],
[15,49.13],
[65,90.32],
[596,157.55],
[16,118.76],
[-8,111.52],
[38,85.57],
[5,84.45],
[6,68.31],
[5,167.03],
[5,103.70],
[3,57.43],
[15,117.67],
[8,77.74],
[10,70.67],
[-3,35.15],
[5,160.48],
[-6,108.27],
[4,88.71],
[5,74.81],
[13,58.12],
[3,160.48],
[443,77.08],
[22,116.65],
[47,69.99],
[3,67.98],
[-4,109.04],
[-8,66.73],
[49,66.83],
[12,50.24],
[5,66.79],
[6,84.05],
[372,134.83],
[-8,96.11],
[7,59.63],
[5,83.75],
[100,39.51],
[-7,55.13],
[-3,55.95],
[35,144.35],
[3,49.58],
[24,89.61],
[8,98.25],
[169,45.33],
[16,151.00],
[7,53.89],
[3,41.02],
[3,55.54],
[-12,97.03],
[-4,66.88],
[6,70.51],
[23,104.05],
[4,56.53],
[5,54.19],
[13,25.95],
[9,61.40],
[46,157.55],
[4,130.25],
[4,66.10],
[64,109.10],
[-3,85.86],
[3,67.76],
[25,78.25],
[3,87.12],
[-9,136.47],
[88,71.77],
[3,52.87],
[50,7.41],
[3,95.69],
[4,123.56],
[15,110.06],
[26,76.50],
[6,55.13],
[143,108.27],
[162,73.57],
[-3,69.95],
[75,66.64],
[1272,106.60],
[249,56.96],
[3,74.27],
[14,64.30],
[19,105.09],
[3,69.23],
[403,71.28],
[4,47.94],
[-7,60.71],
[-3,95.59],
[287,62.79],
[27,95.85],
[4,88.91],
[5,38.83],
[8,116.65],
[5,111.52],
[19,120.26],
[3,122.50],
[12,74.02],
[3,98.87],
[688,83.01],
[11,92.00],
[23,98.54],
[-7,64.31],
[3,87.26],
[-3,100.00],
[4,109.13],
[14,75.50],
[3,33.91],
[17,84.90],
[13,99.37],
[3,89.47],
[59,54.15],
[4,160.48],
[9,42.55],
[16,80.19],
[4,69.40],
[20,95.17],
[-5,108.96],
[25,43.32],
[3,97.00],
[11,67.80],
[-4,139.33],
[3,61.78],
[4,116.15],
[-4,81.79],
[4,95.69],
[81,63.61],
[8,82.41],
[193,85.86],
[144,78.20],
[4,56.36],
[3,62.30],
[-3,106.00],
[4,62.22],
[4,115.64],
[8,87.61],
[57,67.98],
[4,134.08],
[7,153.54],
[13,95.00],
[16,95.73],
[7,74.30],
[15,89.44],
[12,63.70],
[-3,158.44],
[4,68.69],
[104,54.70],
[232,151.00],
[10,77.65],
[4,118.51],
[5,105.94],
[-5,108.96],
[6,63.86],
[28,52.52],
[33,133.14],
[3,82.39],
[4,116.15],
[3,96.11],
[7,54.70],
[-5,102.78],
[3,131.90],
[8,86.45],
[8,82.39],
[5,63.10],
[-6,72.31],
[6,129.00],
[10,93.04],
[191,58.20],
[4,108.73],
[-4,63.84],
[4,71.86],
[7,82.39],
[3,81.16],
[4,118.68],
[3,55.81],
[3,103.38],
[7,103.54],
[5,107.86],
[3,53.12],
[36,102.62],
[3,81.25],
[7,113.10],
[5,90.05],
[5,108.03],
[3,68.07],
[3,71.40],
[6,134.14],
[3,52.83],
[3,69.99],
[-10,103.54],
[167,78.72],
[40,47.12],
[7,70.29],
[6,80.10],
[8,84.90],
[-10,120.55],
[11,160.48],
[92,75.43],
[823,97.00],
[-32,127.22],
[-3,139.33],
[35,41.85],
[27,25.58],
[1542,131.90],
[-3,58.41],
[168,103.62],
[8,82.39],
[29,101.98],
[45,118.18],
[4,31.28],
[9,127.07],
[313,78.25],
[131,104.98],
[49,57.22],
[-11,90.96],
[2378,87.68],
[-5,36.91],
[543,53.76],
[4,103.70],
[116,93.90],
[-4,87.68],
[77,142.54],
[-10,68.94],
[-9,130.25],
[13,139.33],
[264,19.63],
[622,7.41],
[-10,9.31],
[5,158.44],
[3,87.95],
[22,101.27],
[-4,129.00],
[135,84.46],
[4,78.42],
[69,35.10],
[29,134.08],
[-6,100.39],
[21,134.08],
[54,78.20],
[125,160.48],
[805,95.17],
[87,127.22],
[3,30.32],
[1226,107.60],
[121,94.51],
[6,72.74],
[571,28.11],
[3,127.22],
[-5,99.45],
[132,112.09],
[-7,84.15],
[195,83.18],
[139,109.13],
[28,68.66],
[5,100.24],
[43,83.75],
[19,108.96],
[4,95.17],
[9,38.30],
[22,43.13],
[-4,80.79],
[-5,70.49],
[574,76.55],
[1099,72.46],
[14,29.33],
[32,49.56],
[183,78.92],
[51,84.35],
[672,106.60],
[1455,75.42],
[-27,68.69],
[403,80.78],
[3,117.67],
[-7,48.96],
[522,40.62],
[63,96.11],
[4,47.35],
[3,88.73],
[27,87.95],
[22,130.25],
[206,90.23],
[6,158.44],
[3,56.98],
[3,81.93],
[3,51.07],
[4,33.37],
[14,114.12],
[-4,116.15],
[77,45.58],
[9,91.74],
[91,63.84],
[3,114.12],
[10,92.43],
[42,48.46],
[81,78.92],
[13,52.25],
[16,112.89],
[35,77.33],
[9,98.04],
[38,84.42],
[41,85.16],
[14,103.04],
[10,76.48],
[53,117.16],
[7,122.50],
[16,115.13],
[15,58.03],
[16,124.69],
[-19,79.51],
[45,33.58],
[4,60.19],
[5,60.18],
[5,124.69],
[16,103.70],
[107,144.35],
[5,98.68],
[7,115.81],
[104,102.95],
[5,103.04],
[38,72.99],
[6,151.39],
[4,90.13],
[16,53.86],
[4,115.13],
[4,58.42],
[119,69.46],
[78,49.71],
[8,131.90],
[4,-3.36],
[346,107.40],
[7,70.51],
[891,89.86],
[4,88.37],
[3,90.05],
[5,127.22],
[11,99.23],
[6,49.30],
[5,84.59],
[5,58.42],
[-15,57.54],
[4,75.34],
[3,124.69],
[21,81.89],
[34,142.85],
[3,92.91],
[3,122.50],
[3,61.24],
[23,75.88],
[3,139.33],
[17,69.50],
[-3,47.31],
[8,108.70],
[4,88.73],
[5,97.34],
[36,85.01],
[39,73.14],
[191,130.33],
[-7,83.11],
[43,72.89],
[118,78.77],
[-3,96.58],
[147,80.31],
[12,46.51],
[3,119.19],
[3,44.75],
[11,103.70],
[7,47.30],
[8,108.03],
[3,101.27],
[18,100.24],
[19,70.71],
[4,57.10],
[10,78.25],
[-4,64.71],
[-6,80.68],
[72,94.30],
[121,93.70],
[4,112.09],
[6,160.48],
[5,103.65],
[19,125.90],
[27,67.22],
[3,99.53],
[6,97.70],
[3,124.69],
[50,111.07],
[-11,25.34],
[9,60.77],
[5,43.47],
[-7,76.11],
[424,61.89],
[13,89.61],
[-6,40.28],
[-4,69.79],
[7,118.18],
[23,36.26],
[4,66.64],
[-5,73.17],
[3,56.53],
[13,73.85],
[-5,39.16],
[25,31.97],
[4,139.73],
[3,80.43],
[-3,59.63],
[70,39.47],
[34,85.14],
[58,78.97],
[-10,43.27],
[39,87.41],
[8,74.69],
[6,62.03],
[11,181.62],
[17,7.91],
[-11,103.01],
[9,84.59],
[5,60.63],
[23,63.55],
[-3,70.14],
[3,80.31],
[15,112.79],
[96,67.76],
[4,130.25],
[73,52.21],
[3,80.20],
[50,103.70],
[9,97.03],
[7,75.81],
[-4,84.92],
[13,34.59],
[4,141.30],
[3,31.29],
[17,114.12],
[18,85.86],
[-8,139.33],
[6,75.77],
[4,116.65],
[15,60.06],
[5,58.42],
[3,95.95],
[33,103.01],
[171,80.10],
[5,90.94],
[4,118.58],
[3,114.12],
[4,96.93],
[3,107.10],
[8,83.32],
[-3,81.79],
[9,66.80],
[4,77.68],
[-4,97.03],
[23,94.51],
[73,58.22],
[3,61.27],
[5,99.37],
[3,62.59],
[28,117.11],
[128,64.42],
[-3,56.18],
[3,35.35],
[1119,118.18],
[4,118.76],
[15,43.87],
[-8,83.31],
[5,77.81],
[148,66.40],
[3,74.14],
[9,134.08],
[30,127.07],
[104,76.59],
[3,43.94],
[82,86.62],
[3,118.18],
[-5,60.71],
[35,70.82],
[7,97.98],
[16,95.00],
[3,50.55],
[14,54.73],
[12,79.76],
[-4,66.64],
[-23,73.44],
[3,80.83],
[4,103.70],
[3,136.62],
[6,8.26],
[21,149.90],
[4,130.77],
[4,118.18],
[8,71.70],
[767,111.40],
[-18,95.95],
[-3,91.84],
[22,108.14],
[3,118.85],
[-3,54.68],
[3,66.10],
[42,89.90],
[-3,56.52],
[7,69.65],
[7,103.54],
[56,53.89],
[22,92.97],
[17,59.75],
[77,66.15],
[6,71.29],
[10,45.25],
[12,77.28],
[5,103.04],
[11,80.79],
[-3,80.90],
[9,66.63],
[10,40.99],
[4,139.30],
[-13,52.00],
[3,130.10],
[4,80.78],
[24,43.84],
[3,167.92],
[97,81.55],
[18,149.90],
[14,80.33],
[3,113.10],
[4,41.65],
[3,63.84],
[6,131.90],
[9,76.59],
[4,149.22],
[-13,127.07],
[9,145.84],
[10,35.27],
[-4,8.63],
[3,100.52],
[-10,73.17],
[21,95.73],
[6,120.55],
[4,96.64],
[4,127.07],
[5,105.66],
[4,63.87],
[3,97.70],
[6,74.81],
[11,74.07],
[19,84.92],
[-14,128.75],
[3,107.07],
[4,62.78],
[7,95.17],
[5,125.23],
[12,123.46],
[-6,58.87],
[3,53.37],
[4,100.02],
[7,120.26],
[3,67.74],
[-12,66.74],
[3,101.26],
[-3,87.10],
[5,95.56],
[7,77.40],
[-4,73.99],
[-5,107.10],
[-3,66.79],
[12,43.87],
[-4,139.33],
[40,72.19],
[8,52.87],
[5,46.81],
[7,105.09],
[-3,66.72],
[-5,89.52],
[4,70.11],
[5,56.36],
[-3,183.66],
[20,84.81],
[-6,36.72],
[-6,67.36],
[4,108.83],
[24,-7.20],
[-3,125.91],
[6,119.39],
[3,90.09],
[3,72.51],
[11,73.22],
[74,80.68],
[3,131.21],
[4,82.05],
[-10,86.37],
[3,139.33],
[-3,81.86],
[3,89.52],
[3,53.52],
[3,68.53],
[6,43.35],
[5,42.71],
[5,25.95],
[3,104.98],
[15,62.59],
[3,106.83],
[3,103.62],
[3,88.00],
[4,102.05],
[9,80.19],
[4,65.17],
[3,102.62],
[-7,64.63],
[105,63.17],
[3,41.32],
[3,134.14],
[3,106.60],
[41,34.52],
[3,89.90],
[3,84.15],
[-8,73.57],
[3,76.50],
[15,114.12],
[6,86.71],
[3,82.35],
[-3,58.60],
[-3,66.40],
[3,71.63],
[1426,111.46],
[6,100.24],
[3,130.77],
[3,135.27],
[3,76.82],
[-9,100.24],
[262,95.17],
[18,97.00],
[77,59.28],
[310,91.06],
[3,86.45],
[5,71.82],
[36,63.06],
[3,69.99],
[4,55.22],
[57,88.66],
[3,112.09],
[7,85.89],
[3,52.13],
[76,160.48],
[27,129.00],
[5,40.79],
[105,74.86],
[16,85.89],
[400,148.91],
[78,114.12],
[4,135.27],
[618,18.68],
[-10,38.29],
[3,74.02],
[6,69.79],
[50,112.65],
[36,35.61],
[15,145.59],
[34,44.70],
[3,111.07],
[76,50.47],
[3,80.78],
[-7,49.31],
[-3,122.50],
[3,109.09],
[3,72.26],
[23,52.38],
[4,73.15],
[3,43.96],
[3,75.88],
[13,80.31],
[41,109.79],
[133,-6.69],
[5,112.09],
[17,163.47],
[4,75.88],
[3,151.00],
[24,100.24],
[3,52.02],
[4,84.92],
[3,59.63],
[3,85.92],
[-11,33.47],
[24,51.17],
[4,86.96],
[63,102.05],
[8,53.66],
[3,101.98],
[205,54.15],
[3,96.11],
[11,137.47],
[4,65.24],
[22,76.75],
[4,-7.37],
[14,-7.37],
[9,95.95],
[9,119.80],
[25,117.84],
[20,97.00],
[104,46.86],
[6,22.82],
[76,32.22],
[3,62.31],
[3,69.89],
[3,35.27],
[19,99.06],
[-9,87.68],
[244,83.25],
[7,66.79],
[8,105.09],
[31,91.78],
[-11,73.54],
[3,95.69],
[-4,142.54],
[-5,139.33],
[13,37.51],
[3,136.47],
[3,103.70],
[5,42.71],
[-12,43.46],
[31,113.10],
[-3,74.27],
[-9,86.62],
[7,82.28],
[3,110.06],
[16,47.23],
[3,56.57],
[3,100.07],
[5,70.21],
[9,89.47],
[18,118.51],
[3,7.41],
[6,-6.19],
[6,92.06],
[3,92.06],
[12,63.70],
[3,80.41],
[11,90.38],
[20,73.34],
[3,88.47],
[4,86.42],
[4,47.43],
[4,83.61],
[7,-0.99],
[6,37.51],
[10,59.62],
[3,19.87],
[3,117.80],
[4,103.04],
[4,84.90],
[3,48.73],
[3,63.61],
[3,149.90],
[1407,76.73],
[2377,115.64],
[458,109.10],
[64,52.00],
[115,103.04],
[250,108.41],
[20,90.09],
[15,160.48],
[26,54.70],
[225,81.97],
[176,82.93],
[12,84.84],
[52,120.55],
[33,70.51],
[25,89.59],
[15,98.31],
[6,106.53],
[4,84.90],
[4,73.85],
[4,90.94],
[20,61.40],
[3,103.01],
[3,98.25],
[3,160.48],
[3,58.42],
[3,92.06],
[5,55.08],
[5,83.01],
[3,82.48],
[3,101.27],
[4,113.70],
[-8,139.33],
[-13,123.56],
[-3,139.33],
[-8,74.27],
[3271,102.62],
[3008,84.93],
[945,127.07],
[375,103.54],
[160,128.39],
[210,73.75],
[1275,103.70],
[544,82.48],
[29,-2.17],
[381,94.46],
[84,66.65],
[92,108.70],
[14,98.87],
[60,48.53],
[183,102.05],
[79,136.62],
[145,112.09],
[42,76.50],
[22,96.11],
[9,88.91],
[24,131.90],
[8,78.04],
[9,117.16],
[22,103.38],
[12,75.88],
[13,94.30],
[7,37.46],
[10,108.70],
[16,61.33],
[4,144.35],
[5,117.16],
[4,49.18],
[7,108.03],
[6,25.19],
[3,117.16],
[3,73.17],
[3,158.46],
[8,74.02],
[8,92.97],
[19,57.94],
[7,117.16],
[9,103.70],
[3,128.75],
[3,66.07],
[3,141.30],
[11,89.90],
[4,76.50],
[6,125.44],
[3,76.23],
[985,74.09],
[131,29.52],
[227,41.39],
[18,48.37],
[16,32.22],
[145,21.93],
[424,112.09],
[12,65.24],
[10,68.09],
[50,63.84],
[18,72.19],
[33,16.95],
[6,76.50],
[6,70.92],
[28,44.36],
[42,44.29],
[64,111.52],
[11,59.15],
[15,112.97],
[128,62.38],
[31,38.34],
[13,52.77],
[5,5.71],
[4,56.25],
[23,97.65],
[15,60.20],
[3,61.51],
[3,65.23],
[3,56.29],
[10,50.63],
[7,107.60],
[15,79.56],
[3,16.89],
[7,78.63],
[23,66.40],
[5,46.53],
[12,53.58],
[3,87.95],
[3,139.33],
[3,125.62],
[-8,63.86],
[-4,45.33],
[-3,86.93],
[-4,99.41],
[-4,139.33],
[-3,108.70],
[-7,118.18],
[-6,66.47],
[-5,141.36],
[-8,46.27],
[-3,78.20],
[-5,10.43],
[-9,92.38],
[-3,115.13],
[-3,74.52],
[-3,117.16],
[-3,34.90],
[-7,41.72],
[306,57.07],
[178,60.09],
[51,65.19],
[30,72.90],
[124,84.05],
[45,87.68],
[12,81.24],
[7,50.23],
[6,64.43],
[10,40.05],
[4,69.16],
[8,134.08],
[4,103.62],
[4,46.52],
[4,83.10],
[3,106.60],
[3,48.69],
[3,158.44],
[5,22.71],
[7,95.42],
[3,69.43],
[3,66.40],
[130,95.56],
[105,14.46],
[134,66.65],
[107,13.78],
[15,108.98],
[13,78.79],
[37,80.07],
[9,59.44],
[24,-5.95],
[12,127.22],
[4,83.38],
[4,24.31],
[3,31.63],
[3,70.63],
[3,108.98],
[8,57.11],
[3,88.96],
[5,124.07],
[158,65.47],
[27,139.33],
[169,84.15],
[42,130.25],
[28,103.38],
[9,172.55],
[8,139.30],
[7,73.48],
[55,118.76],
[6,94.04],
[28,167.92],
[6,139.30],
[6,85.15],
[6,19.02],
[3,28.56],
[3,63.86],
[-3,72.72],
[-7,78.11],
[-9,76.59],
[-25,139.33],
[-5,114.62],
[54,7.00],
[27,54.73],
[120,83.10],
[18,50.67],
[4,100.55],
[8,105.89],
[5,102.05],
[-29,127.22],
[80,4.36],
[245,72.83],
[102,26.22],
[50,101.27],
[13,103.04],
[17,75.73],
[31,41.64],
[15,96.02],
[3,95.73],
[3,99.00],
[5,99.37],
[3,87.68],
[3,61.24],
[3,85.89],
[3,83.10],
[-3,63.02],
[-4,65.92],
[-6,115.55],
[-5,95.21],
[-17,86.70],
[16,79.35],
[15,78.25],
[44,36.94],
[5,79.94],
[3,79.56],
[-11,139.30],
[-11,103.70],
[-8,139.33],
[-17,69.79],
[-12,115.55],
[-14,181.62],
[-5,114.12],
[-19,88.91],
[-10,142.85],
[-4,22.00],
[-6,103.54],
[-6,124.69],
[-5,73.31],
[-8,92.06],
[-4,125.23],
[-5,113.10],
[-11,114.12],
[-10,151.00],
[-11,103.38],
[-8,116.15],
[-9,134.08],
[-13,92.97],
[81,89.52],
[65,61.24],
[140,127.07],
[40,117.16],
[31,114.24],
[31,54.84],
[15,156.42],
[6,104.47],
[7,92.06],
[10,75.88],
[5,153.54],
[7,116.65],
[4,113.10],
[5,73.17],
[3,90.96],
[4,119.19],
[-6,80.10],
[-7,33.58],
[-6,69.79],
[-3,151.00],
[-8,82.39],
[-3,98.87],
[-8,85.09],
[101,88.00],
[810,103.04],
[386,126.20],
[58,23.18],
[108,74.04],
[211,49.62],
[18,34.93],
[61,70.31],
[27,112.09],
[6,90.70],
[7,81.14],
[35,-6.69],
[5,76.97],
[15,80.07],
[17,88.91],
[7,142.85],
[3,75.50],
[3,151.00],
[3,83.01],
[8,112.94],
[24,49.42],
[5,42.87],
[6,62.38],
[8,75.85],
[10,57.65],
[11,103.38],
[3,66.40],
[3,88.68],
[5,55.95],
[7,67.81],
[7,107.60],
[5,87.27],
[4,24.39],
[3,61.45],
[-4,80.31],
[-3,120.26],
[-3,130.25],
[-8,90.93],
[-14,68.82],
[71,71.07],
[76,80.25],
[18,124.69],
[9,90.05],
[8,83.01],
[10,118.18],
[4,103.70],
[6,101.27],
[4,117.67],
[4,76.50],
[3,88.94],
[94,68.07],
[32,130.25],
[63,76.12],
[47,34.34],
[32,127.22],
[15,103.01],
[10,135.77],
[12,65.97],
[6,95.94],
[5,77.78],
[4,118.18],
[4,69.67],
[4,76.49],
[3,93.47],
[3,160.48],
[5,47.68],
[3,72.83],
[3,71.63],
[118,109.13],
[45,86.42],
[59,122.50],
[69,101.27],
[21,74.07],
[7,64.80],
[10,109.13],
[9,103.14],
[12,80.07],
[5,106.11],
[5,94.18],
[-7,106.60],
[-3,139.33],
[-5,105.70],
[-12,145.84],
[-8,131.90],
[-15,89.90],
[50,64.37],
[77,63.99],
[46,87.12],
[16,110.57],
[18,60.96],
[5,81.94],
[17,98.38],
[4,54.96],
[5,74.96],
[-13,91.69],
[-9,103.04],
[-16,116.15],
[-19,94.51],
[50,96.06],
[29,115.13],
[35,82.48],
[40,92.97],
[10,72.04],
[13,20.68],
[11,123.20],
[10,103.54],
[5,172.55],
[3,90.99],
[9,7.15],
[4,78.87],
[4,16.08],
[48,103.54],
[13,107.60],
[4,160.48],
[13,136.62],
[16,94.30],
[5,87.75],
[3,137.30],
[-10,127.22],
[-10,95.95],
[64,89.60],
[44,103.01],
[27,54.71],
[23,142.85],
[9,63.49],
[9,103.27],
[13,79.76],
[7,61.33],
[6,100.71],
[4,130.77],
[3,120.21],
[3,99.46],
[4,86.60],
[3,97.34],
[4,80.10],
[3,103.70],
[72,92.97],
[55,66.62],
[13,81.77],
[11,78.22],
[29,85.01],
[8,86.71],
[16,118.68],
[7,74.07],
[4,103.34],
[5,130.25],
[3,103.54],
[3,97.03],
[3,100.24],
[4,81.86],
[5,96.02],
[3,82.33],
[3,46.52],
[-10,92.97],
[-8,115.13],
[-26,85.86],
[8,71.28],
[20,85.89],
[4,7.41],
[37,168.80],
[12,99.48],
[9,39.33],
[7,100.24],
[-8,112.09],
[63,101.93],
[24,68.08],
[7,83.85],
[5,54.45],
[7,92.06],
[5,99.23],
[15,134.08],
[7,103.38],
[3,78.20],
[3,65.73],
[-4,112.09],
[-6,139.30],
[-6,103.01],
[-7,102.05],
[-6,88.47],
[19,142.93],
[10,127.22],
[5,115.13],
[4,153.54],
[4,57.98],
[103,84.34],
[19,170.46],
[11,107.60],
[18,61.33],
[10,84.15],
[7,68.16],
[7,121.17],
[4,59.21],
[4,115.13],
[4,160.48],
[4,47.94],
[93,63.55],
[7,102.05],
[18,151.39],
[3,103.70],
[3,114.07],
[3,62.79],
[3,95.46],
[8,160.48],
[5,73.85],
[-7,167.92],
[-4,93.58],
[6,65.17],
[7,72.89],
[-11,139.30],
[4294,69.16],
[1834,38.14],
[2147,139.73],
[1031,50.67],
[850,50.67],
[416,66.40],
[582,79.35],
[933,139.33],
[447,139.33],
[2936,41.40],
[429,28.67],
[262,82.48],
[107,44.22],
[1224,55.74],
[108,47.25],
[206,92.43],
[61,69.39],
[181,76.50],
[77,139.33],
[317,118.18],
[134,57.53],
[109,26.53],
[50,48.90],
[27,45.58],
[83,73.30],
[16,98.25],
[39,61.38],
[19,40.90],
[30,72.59],
[6,84.81],
[14,139.33],
[20,62.84],
[24,89.61],
[9,50.67],
[5,50.66],
[4,76.02],
[27,144.35],
[7,94.32],
[8,96.11],
[10,67.82],
[20,154.94],
[4,73.57],
[3,85.34],
[4,69.60],
[3,117.16],
[21,31.01],
[11,90.33],
[5,66.15],
[7,78.67],
[10,51.01],
[4,89.47],
[5,64.92],
[5,64.66],
[11,34.86],
[4,109.10],
[8,74.79],
[3,95.69],
[3,66.83],
[3,99.74],
[3,37.26],
[3,76.55],
[3,28.77],
[7,39.06],
[5,68.23],
[5,95.94],
[4,107.01],
[4,139.33],
[6,53.31],
[4,123.20],
[6,54.67],
[3,41.37],
[3,58.63],
[3,99.23],
[3,61.89],
[3,37.10],
[3,72.33],
[3,69.21],
[3,59.16],
[3,53.12],
[3,35.94],
[3,89.73],
[3,50.63],
[3,18.69],
[4,54.21],
[3,43.09],
[266,33.33],
[33,139.33],
[84,57.67],
[597,108.40],
[48,115.13],
[53,108.27],
[30,69.50],
[61,95.44],
[13,117.16],
[9,37.85],
[24,108.27],
[9,71.13],
[7,88.91],
[6,77.61],
[248,57.52],
[10,145.84],
[6,62.17],
[8,162.50],
[9,-6.06],
[4,95.69],
[4,64.56],
[4,70.48],
[8,82.48],
[3,117.67],
[3,117.16],
[3,83.38],
[3,69.99],
[3,130.77],
[3,79.09],
[3,111.07],
[3,119.53],
[3,66.15],
[-3,103.04],
[-4,91.78],
[612,73.72],
[120,68.08],
[187,1.08],
[225,127.22],
[31,53.12],
[48,46.86],
[7,116.15],
[6,-6.69],
[4,60.96],
[13,87.95],
[4,142.85],
[3,102.62],
[3,114.12],
[3,50.56],
[6,94.01],
[-3,89.61],
[-10,128.75],
[-3,151.00],
[-5,134.08],
[-4,51.28],
[1743,80.78],
[806,69.79],
[1121,63.07],
[239,68.65],
[108,80.10],
[37,116.65],
[89,108.96],
[268,64.01],
[59,72.28],
[131,181.62],
[81,111.75],
[126,56.08],
[471,78.92],
[62,52.70],
[45,95.95],
[155,121.22],
[124,114.12],
[40,144.35],
[34,50.52],
[55,80.69],
[141,83.01],
[7,80.20],
[8,124.69],
[6,92.97],
[22,57.94],
[6,96.11],
[6,110.06],
[9,84.90],
[5,103.54],
[4,112.65],
[4,87.41],
[19,95.42],
[14,95.00],
[11,105.09],
[13,75.88],
[3,98.87],
[3,108.96],
[3,69.40],
[4,71.82],
[7,135.32],
[3,94.51],
[3,61.33],
[5,76.82],
[4,90.66],
[10,132.03],
[3,78.55],
[3,40.74],
[3,72.32],
[6,92.97],
[4,136.62],
[5,117.67],
[4,103.01],
[3,58.41],
[3,116.65],
[-6,89.60],
[-3,127.22],
[1332,78.67],
[1671,107.07],
[436,76.20],
[498,172.55],
[625,113.10],
[282,181.62],
[153,93.58],
[1297,44.99],
[2771,95.17],
[443,70.63],
[526,102.62],
[106,92.73],
[57,101.98],
[69,75.81],
[110,81.86],
[196,108.70],
[12,76.50],
[161,57.90],
[33,81.84],
[80,86.71],
[1026,84.15],
[81,141.30],
[39,35.27],
[101,118.29],
[179,117.16],
[28,109.10],
[53,53.25],
[35,71.66],
[6,77.10],
[77,79.51],
[6,76.97],
[30,101.27],
[28,145.84],
[12,88.91],
[7,56.89],
[7,115.13],
[60,124.16],
[17,118.68],
[36,90.09],
[3,103.54],
[3,82.76],
[3,111.75],
[3,86.62],
[3,84.92],
[3,85.07],
[4,80.90],
[3,109.09],
[3,86.29],
[3,68.10],
[3,74.02],
[3,72.81],
[3,68.95],
[3,142.85],
[3,59.27],
[3,99.40],
[3,94.60],
[3,113.82],
[3,11.10],
[3,76.89],
[38,103.70],
[25,84.90],
[5,112.09],
[5,67.80],
[8,78.97],
[88,55.40],
[33,83.33],
[7,78.87],
[4,77.76],
[4,48.70],
[39,74.07],
[23,86.17],
[4,92.06],
[6,52.78],
[3,50.61],
[3,80.47],
[3,83.01],
[3,72.58],
[3,109.09],
[3,90.38],
[3,61.74],
[6,121.22],
[6,125.23],
[30,77.46],
[6,89.25],
[3,96.11],
[3,92.63],
[4,73.14],
[3,72.39],
[6,91.60],
[5,108.63],
[4,64.63],
[4,119.19],
[4,85.01],
[3,50.53],
[5,31.55],
[6,57.23],
[4,57.23],
[3,94.04],
[3,93.58],
[3,64.67],
[478,52.02],
[241,75.32],
[492,97.95],
[362,75.42],
[560,82.39],
[309,64.92],
[1219,66.53],
[106,70.70],
[92,56.25],
[99,45.62],
[58,58.17],
[29,25.02],
[28,58.73],
[3,70.80],
[71,64.10],
[25,65.19],
[16,43.77],
[14,98.25],
[67,65.56],
[6,45.26],
[68,57.23],
[24,114.12],
[5,50.38],
[5,53.12],
[17,7.18],
[17,34.84],
[81,35.88],
[21,136.62],
[4,56.88],
[15,53.57],
[17,27.48],
[8,58.78],
[8,65.17],
[6,60.23],
[6,41.56],
[3,54.65],
[3,82.90],
[3,71.05],
[3,66.53],
[7,54.70],
[4,63.86],
[8,83.32],
[4,65.39],
[3,72.10],
[4,82.48],
[3,35.29],
[4,55.22],
[5,4.88],
[6,63.84],
[6,53.38],
[3,62.22],
[4,120.21],
[4,62.88],
[3,99.49],
[3,84.68],
[3,89.24],
[-17,53.12],
[3,36.47],
[-7,27.12],
[-11,52.10],
[-7,37.26],
[3,171.05],
[-4,50.89],
[-4,21.05],
[-16,66.40],
[-8,45.84],
[-36,69.12],
[-13,70.80],
[-14,147.39],
[-7,92.43],
[-28,66.79],
[-35,66.10],
[-6,139.33],
[-10,49.58],
[-10,41.32],
[-8,55.83],
[-3,74.49],
[-4,92.65],
[-40,149.90],
[-6,111.07],
[-7,75.43],
[-46,47.18],
[-4,72.72],
[-7,130.85],
[-8,11.42],
[139,79.71],
[702,108.70],
[206,75.50],
[53,85.92],
[139,90.66],
[41,127.07],
[317,73.10],
[97,108.70],
[24,69.50],
[41,103.34],
[13,94.30],
[25,92.97],
[9,109.04],
[11,110.06],
[28,119.70],
[15,127.40],
[7,92.38],
[17,122.06],
[6,67.33],
[6,106.60],
[5,118.43],
[4,130.77],
[3,95.17],
[7,78.25],
[3,61.33],
[3,50.63],
[-8,76.46],
[-3,70.25],
[368,60.77],
[100,61.46],
[56,107.60],
[18,83.80],
[9,57.07],
[25,63.59],
[15,81.86],
[32,9.95],
[50,56.33],
[17,167.03],
[5,139.33],
[4,96.02],
[4,36.36],
[3,57.23],
[-16,68.07],
[-16,103.04],
[148,26.86],
[26,81.71],
[30,52.33],
[175,44.04],
[13,64.92],
[66,49.89],
[9,84.05],
[22,85.92],
[5,59.75],
[17,69.81],
[4,29.57],
[3,94.56],
[3,55.74],
[3,86.60],
[-6,202.78],
[-14,70.46],
[-4,139.33],
[94,-6.02],
[18,85.57],
[22,61.78],
[4,88.37],
[4,68.10],
[7,116.15],
[11,84.92],
[7,64.03],
[4,128.75],
[-3,181.62],
[-7,144.35],
[99,67.76],
[59,82.39],
[68,63.49],
[16,87.68],
[14,92.06],
[29,65.43],
[9,108.27],
[14,29.49],
[7,103.34],
[5,160.48],
[8,114.12],
[16,79.76],
[3,56.70],
[3,61.72],
[8,123.20],
[5,67.53],
[3,130.77],
[-3,99.23],
[222,88.83],
[118,77.46],
[55,101.76],
[44,93.80],
[28,158.44],
[31,135.27],
[98,76.34],
[11,55.04],
[5,100.24],
[56,-4.53],
[7,119.70],
[13,72.83],
[10,45.65],
[3,99.00],
[5,117.67],
[5,65.17],
[3,86.26],
[3,103.34],
[-5,61.33],
[-7,131.90],
[-4,127.07],
[-8,124.69],
[-9,126.45],
[-8,103.34],
[-14,139.33],
[-9,81.42],
[-16,99.28],
[26,98.54],
[36,71.90],
[42,34.25],
[24,120.97],
[8,59.47],
[13,70.59],
[5,66.21],
[6,70.09],
[8,58.40],
[3,82.35],
[3,63.50],
[3,98.22],
[10,100.96],
[-20,139.33],
[-30,97.70],
[189,33.58],
[35,108.41],
[54,82.39],
[129,21.28],
[11,61.57],
[25,24.53],
[13,75.12],
[7,86.45],
[3,75.88],
[3,52.58],
[5,9.40],
[-3,118.68],
[40,40.84],
[119,181.62],
[66,79.56],
[133,76.54],
[25,66.83],
[35,73.93],
[11,89.76],
[10,112.09],
[13,92.86],
[11,130.77],
[4,115.64],
[8,57.38],
[6,114.12],
[29,56.46],
[4,59.58],
[3,22.41],
[3,139.33],
[-6,68.16],
[-3,79.37],
[-4,82.43],
[-4,90.09],
[-4,90.09],
[86,90.65],
[97,77.46],
[65,63.61],
[23,144.35],
[152,63.18],
[189,116.82],
[32,49.71],
[10,142.98],
[11,124.69],
[7,95.56],
[20,122.06],
[5,130.78],
[328,18.58],
[48,57.22],
[746,66.40],
[285,128.65],
[79,90.99],
[37,73.25],
[28,54.73],
[25,85.07],
[12,52.46],
[35,91.81],
[4,71.77],
[4,111.33],
[5,93.04],
[3,88.00],
[4,92.06],
[4,85.88],
[13,25.79],
[7,113.10],
[4,69.74],
[3,50.60],
[4,41.85],
[4,57.16],
[3,47.60],
[4,107.60],
[4,85.03],
[4,83.89],
[4,102.62],
[-4,128.75],
[-4,117.16],
[-5,161.49],
[-7,61.40],
[-4,53.71],
[-4,97.71],
[-4,111.07],
[203,37.21],
[501,36.28],
[847,66.53],
[137,56.47],
[58,108.70],
[206,120.26],
[242,63.13],
[38,47.86],
[982,112.09],
[18,-3.05],
[146,50.56],
[102,111.07],
[37,101.94],
[198,76.46],
[33,108.27],
[55,11.58],
[8,101.98],
[5,67.76],
[5,103.54],
[5,108.27],
[5,129.00],
[8,95.85],
[4,53.64],
[4,64.66],
[6,120.55],
[3,95.03],
[3,106.60],
[19,47.35],
[-16,77.37],
[-8,103.13],
[-6,121.02],
[-12,89.61],
[-5,50.69],
[3737,93.58],
[109,73.17],
[1462,104.82],
[853,85.07],
[740,75.63],
[122,84.45],
[226,87.68],
[402,76.82],
[283,97.83],
[87,114.12],
[55,42.47],
[23,103.01],
[59,66.79],
[21,111.45],
[19,97.03],
[17,89.86],
[63,103.70],
[16,74.28],
[32,127.22],
[14,101.27],
[25,80.47],
[53,101.91],
[17,84.64],
[50,130.25],
[7,63.70],
[8,71.97],
[6,112.97],
[6,115.13],
[5,84.92],
[5,56.02],
[5,111.07],
[5,145.87],
[30,77.40],
[4,119.70],
[4,63.28],
[4,86.71],
[4,82.39],
[4,83.38],
[4,73.33],
[4,109.13],
[7,68.78],
[6,60.73],
[4,90.99],
[4,89.59],
[4,117.50],
[3,67.88],
[3,103.01],
[3,118.68],
[3,93.86],
[3,80.31],
[3,120.21],
[3,95.73],
[3,116.65],
[3,69.79],
[3,101.37],
[3,78.28],
[3,95.00],
[3,66.40],
[3,66.88],
[3,54.75],
[3,38.43],
[3,51.92],
[3,78.25],
[3,119.19],
[3,63.58],
[4,111.53],
[3,72.12],
[6,30.53],
[3,139.33],
[4,160.48],
[3,127.22],
[3,38.30],
[8,13.10],
[4,85.85],
[3,153.54],
[291,86.62],
[2607,36.42],
[618,58.18],
[204,47.11],
[411,136.62],
[312,76.82],
[140,56.78],
[696,83.10],
[29,87.86],
[232,63.32],
[208,108.67],
[86,57.94],
[278,84.20],
[20,78.77],
[51,90.94],
[118,80.90],
[32,97.00],
[31,92.01],
[24,62.03],
[23,48.71],
[11,89.90],
[17,44.97],
[39,53.72],
[18,72.32],
[27,99.53],
[8,76.59],
[6,40.29],
[6,95.17],
[6,118.76],
[5,108.96],
[5,90.13],
[15,90.96],
[12,131.90],
[9,66.83],
[4,94.78],
[4,97.70],
[40,109.09],
[5,64.45],
[3,139.33],
[3,66.79],
[4,80.47],
[3,63.63],
[4,69.99],
[4,92.97],
[4,77.91],
[4,76.59],
[4,59.21],
[4,61.67],
[3,81.86],
[3,49.76],
[10,125.62],
[5,95.95],
[7,50.55],
[6,47.23],
[4,72.83],
[3,95.17],
[3,81.65],
[3,54.67],
[3,112.09],
[3,134.08],
[3,35.06],
[3,82.39],
[3,78.77],
[3,84.41],
[6,119.19],
[4,83.01],
[3,75.36],
[6,74.97],
[4,68.38],
[-4,115.13],
[-4,133.29],
[-5,35.19],
[-4,50.39],
[-3,103.34],
[-12,66.97],
[-3,73.78],
[-3,103.65],
[1099,62.75],
[66,92.97],
[1408,40.09],
[584,57.09],
[93,65.72],
[176,111.07],
[31,103.54],
[20,83.32],
[29,61.57],
[20,75.50],
[9,112.65],
[7,95.69],
[7,41.73],
[11,107.60],
[12,45.12],
[20,70.32],
[4,69.78],
[12,78.79],
[3,151.00],
[3,103.42],
[3,84.92],
[3,134.08],
[3,97.70],
[3,78.20],
[3,142.85],
[3,73.76],
[3,107.01],
[3,89.09],
[3,88.96],
[3,58.61],
[7,70.71],
[16,75.88],
[43,47.63],
[3,74.28],
[4,64.33],
[6,55.77],
[3,72.11],
[3,69.39],
[3,66.70],
[3,83.75],
[279,75.88],
[988,25.79],
[124,77.91],
[42,38.48],
[55,72.32],
[26,172.55],
[16,116.15],
[32,80.06],
[135,87.86],
[13,98.25],
[13,61.08],
[8,73.85],
[7,61.24],
[7,75.79],
[7,63.70],
[7,89.67],
[12,86.97],
[14,54.73],
[17,68.76],
[4,92.06],
[4,144.63],
[4,94.51],
[3,52.00],
[19,132.03],
[3,109.13],
[3,-4.89],
[3,5.17],
[3,40.68],
[3,72.26],
[3,86.40],
[5,10.00],
[4,44.73],
[3,83.32],
[143,119.53],
[252,63.86],
[39,84.45],
[208,83.01],
[338,95.42],
[27,82.39],
[99,88.73],
[61,103.70],
[17,66.17],
[15,134.08],
[12,86.71],
[8,95.17],
[5,92.06],
[14,128.65],
[7,40.78],
[4,89.47],
[3,92.06],
[3,37.21],
[3,98.04],
[4,106.58],
[6,126.45],
[3,80.90],
[-3,73.78],
[-4,87.30],
[-6,124.69],
[-6,60.77],
[256,83.01],
[299,139.33],
[104,106.53],
[648,87.95],
[14,96.11],
[149,108.70],
[29,108.96],
[18,79.94],
[9,202.78],
[4,103.34],
[4,158.44],
[35,99.40],
[3,116.15],
[3,122.11],
[10,117.67],
[6,76.97],
[8,60.25],
[3,84.81],
[7,125.62],
[7,53.97],
[3,101.86],
[3,108.96],
[-8,111.33],
[-4,87.95],
[-3,71.78],
[-5,63.41],
[-4,55.89],
[-5,90.60],
[-15,85.30],
[-24,79.35],
[-25,72.33],
[278,130.77],
[449,73.54],
[210,47.89],
[55,99.88],
[60,60.35],
[36,68.82],
[26,112.14],
[84,42.26],
[10,58.41],
[10,156.42],
[9,68.00],
[15,73.34],
[14,68.07],
[4,103.70],
[4,111.13],
[9,84.15],
[3,135.27],
[3,181.62],
[3,63.84],
[3,117.50],
[-4,92.51],
[-9,95.73],
[-3,84.52],
[-5,122.06],
[-4,91.81],
[-4,71.82],
[-24,89.47],
[-20,113.10],
[-22,50.47],
[493,130.77],
[113,62.90],
[201,50.21],
[12,76.56],
[122,156.42],
[52,67.76],
[33,112.09],
[22,84.18],
[7,94.78],
[13,103.01],
[5,48.69],
[12,144.35],
[11,118.18],
[16,151.39],
[3,66.65],
[4,131.21],
[4,113.10],
[4,118.51],
[8,88.91],
[5,19.02],
[6,117.80],
[7,84.90],
[11,93.92],
[4,86.88],
[8,120.55],
[3,102.53],
[5,97.34],
[5,116.65],
[7,63.88],
[3,84.93],
[4,97.00],
[129,88.73],
[116,102.05],
[9,90.94],
[77,60.48],
[56,59.28],
[22,82.43],
[12,68.98],
[16,73.29],
[8,103.54],
[9,95.95],
[7,87.87],
[5,80.07],
[5,84.42],
[3,65.98],
[-9,96.58],
[-10,106.60],
[-15,57.46],
[-3,101.37],
[-4,61.39],
[148,19.88],
[635,103.54],
[112,38.98],
[27,101.27],
[27,80.47],
[17,71.51],
[55,114.12],
[7,97.70],
[21,93.08],
[32,81.63],
[12,57.18],
[5,88.73],
[21,88.96],
[4,103.69],
[3,103.62],
[3,149.90],
[3,95.46],
[14,134.08],
[10,51.15],
[8,78.92],
[4,91.60],
[3,70.21],
[40,60.63],
[30,46.10],
[37,66.40],
[19,65.67],
[128,127.22],
[40,93.33],
[19,53.22],
[6,83.25],
[5,128.75],
[11,57.61],
[9,97.03],
[4,150.70],
[4,160.48],
[3,62.88],
[3,127.07],
[3,142.85],
[3,100.00],
[66,68.75],
[109,124.69],
[66,119.70],
[253,79.56],
[24,85.16],
[33,95.95],
[14,33.98],
[311,40.58],
[16,78.92],
[14,119.19],
[9,80.31],
[48,47.21],
[11,49.00],
[3,144.35],
[3,62.82],
[3,78.20],
[14,47.91],
[7,36.62],
[9,73.38],
[10,103.38],
[9,103.54],
[7,92.97],
[6,82.39],
[3,61.67],
[3,65.67],
[5,95.85],
[3,116.15],
[-3,51.61],
[-4,80.31],
[-3,78.95],
[-3,114.12],
[-18,53.66],
[49,103.54],
[70,63.40],
[37,66.64],
[18,95.17],
[28,68.56],
[18,51.71],
[7,107.01],
[9,87.95],
[3,86.42],
[3,127.22],
[3,115.13],
[3,86.82],
[-8,58.10],
[-13,63.87],
[-12,139.30],
[-6,53.61],
[102,68.08],
[15,151.00],
[39,67.25],
[8,134.08],
[7,92.06],
[24,95.95],
[6,70.14],
[6,14.34],
[5,83.32],
[23,150.70],
[9,76.50],
[4,111.01],
[7,50.24],
[4,74.81],
[3,84.45],
[3,79.51],
[-3,64.27],
[-12,58.51],
[229,116.15],
[103,87.98],
[54,116.15],
[51,100.07],
[28,120.33],
[48,87.13],
[88,41.63],
[7,109.04],
[20,101.15],
[12,101.55],
[7,73.27],
[5,108.27],
[4,90.13],
[5,117.67],
[10,86.62],
[4,117.11],
[4,64.95],
[3,111.07],
[3,85.86],
[5,107.40],
[5,66.10],
[213,72.83],
[13,81.42],
[41,43.21],
[7,108.98],
[38,147.39],
[6,90.96],
[3,92.82],
[-5,181.62],
[141,84.92],
[11,95.44],
[17,103.38],
[27,6.39],
[27,52.16],
[6,96.58],
[-8,57.99],
[-7,80.99],
[-7,139.33],
[-11,70.45],
[-4,107.60],
[-6,40.00],
[47,16.22],
[66,91.72],
[22,119.60],
[8,89.90],
[7,91.43],
[4,81.86],
[3,42.48],
[3,60.71],
[3,88.00],
[4,88.57],
[26,99.74],
[15,103.70],
[11,36.16],
[8,83.10],
[5,88.96],
[4,57.92],
[4,122.50],
[3,139.33],
[16,85.92],
[44,83.01],
[22,85.86],
[7,42.34],
[10,97.17],
[8,151.39],
[3,55.31],
[3,81.86],
[3,49.54],
[3,136.62],
[4,160.48],
[4,133.29],
[-11,80.92],
[52,91.43],
[56,78.92],
[27,93.58],
[13,125.62],
[7,78.63],
[6,36.62],
[6,95.94],
[4,116.65],
[8,46.81],
[4,113.10],
[3,103.70],
[3,36.28],
[3,68.83],
[-3,88.91],
[-3,125.34],
[60,114.12],
[18,98.87],
[33,72.49],
[20,59.88],
[4,103.34],
[3,118.76],
[-7,99.02],
[-7,52.58],
[-3,79.35],
[-12,89.61],
[47,135.27],
[52,171.73],
[23,115.13],
[18,139.33],
[11,57.43],
[43,58.31],
[6,95.87],
[6,72.75],
[10,61.33],
[4,64.92],
[-5,98.25],
[-4,79.42],
[-8,139.33],
[-4,85.88],
[-4,49.58],
[-4,80.19],
