["Score", "Readability"],
[74,47.30],
[14,23.02],
[6,38.53],
[58,42.08],
[60,23.03],
[22,24.10],
[9,63.86],
[28,79.76],
[30,171.31],
[24,66.40],
[24,56.70],
[90,47.18],
[13,101.27],
[117,46.30],
[31,63.58],
[-11,67.53],
[-42,43.73],
[16,56.70],
[17,58.36],
[92,84.59],
[16,52.87],
[-7,142.54],
[197,40.11],
[20,162.50],
[19,65.03],
[62,53.76],
[678,158.44],
[13,23.43],
[272,32.49],
[5,69.12],
[10,57.56],
[21,10.36],
[-16,146.83],
[77,82.43],
[50,80.90],
[95,30.43],
[30,43.96],
[5,78.55],
[42,55.39],
[16,78.21],
[-9,92.87],
[15,99.41],
[-8,52.58],
[67,134.08],
[7,5.41],
[20,72.88],
[-3,94.60],
[14,50.24],
[4,100.24],
[82,53.47],
[29,84.89],
[219,54.51],
[10,73.17],
[-3,63.82],
[-6,81.62],
[8,59.13],
[20,65.17],
[14,2.25],
[-9,10.99],
[19,33.26],
[-8,95.95],
[6,73.80],
[726,73.64],
[13,119.40],
[10,125.62],
[8,84.67],
[2558,69.50],
[21,42.87],
[17,111.45],
[15,88.73],
[6,103.04],
[297,55.41],
[35,115.13],
[262,85.86],
[312,27.27],
[45,100.24],
[12,111.96],
[127,43.31],
[-14,0.70],
[-6,35.31],
[71,94.51],
[18,100.24],
[6,48.58],
[-8,58.13],
[-24,89.86],
[12,81.77],
[17,49.54],
[-4,43.54],
[-5,112.65],
[4,53.19],
[-3,94.30],
[38,109.10],
[8,55.44],
[29,114.62],
[-11,50.45],
[5,62.17],
[15,84.92],
[-5,89.47],
[34,50.04],
[129,65.73],
[4,102.99],
[7,90.96],
[7,134.08],
[13,112.09],
[9,72.61],
[5,82.48],
[-15,105.41],
[6,63.87],
[29,65.33],
[75,139.33],
[13,16.70],
[63,93.90],
[96,76.34],
[7,96.11],
[10,22.42],
[1536,59.34],
[16,139.33],
[-30,78.87],
[-3,158.44],
[26,31.81],
[10,160.48],
[-12,42.29],
[31,92.97],
[18,125.90],
[12,117.16],
[11,63.23],
[9,100.24],
[10,51.10],
[-15,113.10],
[7,3.96],
[6,88.83],
[122,87.68],
[964,83.10],
[10,6.39],
[5,105.88],
[3,118.18],
[110,92.97],
[124,53.26],
[12,98.25],
[6,48.63],
[-6,100.07],
[3,170.46],
[6,160.48],
[16,75.63],
[3,76.34],
[-12,97.70],
[-3,134.08],
[45,92.97],
[-3,128.75],
[27,32.48],
[-18,69.99],
[3,70.97],
[17,106.60],
[-8,187.38],
[5,117.16],
[10,71.07],
[-9,139.33],
[4,69.50],
[101,23.75],
[8,25.06],
[9,85.86],
[4,16.70],
[4,40.23],
[4,74.07],
[6,44.41],
[266,78.25],
[6,51.56],
[14,34.51],
[-5,108.70],
[34,59.16],
[-13,78.52],
[332,65.35],
[17,107.31],
[15,52.27],
[49,67.33],
[4,139.72],
[6,50.67],
[3,115.64],
[3,66.13],
[81,45.25],
[50,52.52],
[33,53.39],
[53,77.74],
[19,60.23],
[-4,17.89],
[-13,58.98],
[30,85.89],
[8,-2.11],
[13,91.78],
[6,69.95],
[14,75.77],
[5,14.21],
[104,92.97],
[3,39.26],
[4,-1.68],
[24,49.06],
[50,59.16],
[11,56.12],
[-20,83.10],
[-8,64.45],
[4,40.15],
[27,59.49],
[5,114.12],
[55,109.10],
[6,83.10],
[27,59.15],
[3,74.86],
[25,33.29],
[55,69.98],
[4,55.39],
[5,60.76],
[-11,92.97],
[19,106.25],
[677,47.14],
[-3,139.33],
[-19,88.73],
[-3,74.81],
[-17,63.71],
[46,9.50],
[4,21.61],
[-4,58.58],
[9,52.02],
[49,108.70],
[3,66.75],
[3,46.98],
[5,118.18],
[-3,49.48],
[4,66.40],
[6,50.63],
[4,85.10],
[21,38.06],
[41,34.59],
[3,118.18],
[9,74.68],
[-8,48.35],
[-19,80.62],
[-3,72.28],
[9,24.06],
[19,33.69],
[3,21.01],
[39,93.54],
[80,49.17],
[24,76.50],
[6,84.45],
[4,58.22],
[67,149.90],
[7,81.65],
[17,80.87],
[5,66.10],
[28,110.06],
[34,55.76],
[110,84.45],
[18,32.00],
[9,67.78],
[9,49.61],
[97,63.76],
[11,6.83],
[4,122.50],
[-4,90.09],
[18,108.27],
[-9,60.09],
[3,79.94],
[5,98.87],
[6,109.04],
[15,108.27],
[3,71.14],
[4,87.25],
[-5,139.33],
[134,56.87],
[4,-3.36],
[39,98.87],
[26,42.71],
[4,158.01],
[10,53.43],
[7,30.38],
[6,49.89],
[15,73.80],
[5,51.34],
[4,6.26],
[3,108.27],
[-5,79.53],
[-3,139.33],
[5,112.14],
[3,31.86],
[25,63.34],
[10,57.80],
[13,49.20],
[154,54.70],
[4,59.83],
[6,82.90],
[45,72.49],
[18,105.09],
[12,108.42],
[-12,58.53],
[3,63.49],
[3,139.33],
[-9,80.90],
[5,53.89],
[3,42.66],
[4,71.07],
[3,112.89],
[22,86.93],
[-3,50.38],
[7,167.92],
[18,65.32],
[5,32.92],
[5,68.77],
[19,91.41],
[-5,34.94],
[3,53.43],
[7,27.84],
[6,115.13],
[5,67.96],
[4,82.39],
[3,101.98],
[3,-5.68],
[-3,59.27],
[-15,66.40],
[3,116.15],
[13,27.23],
[14,64.77],
[133,39.33],
[7,90.94],
[10,85.18],
[4,94.30],
[3,108.63],
[19,31.93],
[-6,71.29],
[3,132.03],
[64,61.33],
[14,77.81],
[5,76.59],
[21,84.15],
[12,66.80],
[6,31.04],
[3,57.10],
[4,70.82],
[3,55.18],
[-6,95.73],
[7,130.77],
[-7,134.08],
[79,116.65],
[5,30.79],
[7,73.17],
[4,13.95],
[3,51.56],
[28,45.19],
[18,47.39],
[10,49.65],
[16,114.18],
[5,98.00],
[14,81.86],
[5,75.32],
[4,63.88],
[8,25.78],
[3,103.38],
[5,120.46],
[-5,66.37],
[3,94.32],
[6,107.86],
[3,118.85],
[6,67.93],
[3,76.98],
[5,53.70],
[3,58.38],
[6,66.53],
[4,72.33],
[4,20.95],
[3,64.07],
[4,12.57],
[4,35.27],
[3,86.71],
[-6,81.65],
[3,118.18],
[3,124.69],
[-4,53.18],
[-4,29.54],
[3,75.91],
[8,76.55],
[10,70.10],
[-11,54.75],
[3,106.60],
[4,95.69],
[3,31.56],
[3,74.86],
[3,71.40],
[-6,96.01],
[69,47.45],
[10,44.90],
[6,66.37],
[4,95.42],
[3,90.09],
[3,69.16],
[4,56.70],
[15,31.36],
[4,65.06],
[4,84.45],
[4,103.62],
[4,111.53],
[4,75.14],
[3,108.27],
[12,61.33],
[6,95.46],
[3,4.38],
[4,58.11],
[-17,71.28],
[3,95.17],
[3,97.03],
[6,78.55],
[-5,139.33],
[45,177.42],
[5,29.45],
[3,71.90],
[5,79.48],
[3,49.54],
[3,139.33],
[4,86.45],
[-3,74.39],
[4,90.66],
[3,38.53],
[3,43.08],
[-4,86.71],
[-6,89.54],
[21,35.76],
[4,60.89],
[5,48.53],
[9,10.27],
[6,79.57],
[6,32.38],
[5,24.11],
[312,82.11],
[3,40.83],
[3,67.31],
[3,88.96],
[10,61.85],
[3,59.06],
[12,45.77],
[7,82.39],
[3,59.75],
[3,99.48],
[3,95.42],
[-5,61.89],
[3,96.58],
[4,55.16],
[4,95.42],
[-14,139.33],
[4,73.25],
[10,102.05],
[18,56.66],
[9,88.48],
[10,59.63],
[3,51.52],
[26,104.06],
[3,79.76],
[18,46.46],
[9,47.44],
[-8,45.31],
[4,66.80],
[7,46.71],
[423,116.15],
[3,92.06],
[40,50.67],
[62,36.03],
[-5,84.90],
[8,95.00],
[3,27.01],
[23,20.17],
[4,70.82],
[4,39.19],
[1282,81.86],
[20,-1.66],
[3,62.17],
[10,44.75],
[137,130.25],
[33,57.23],
[14,115.13],
[1235,64.67],
[-4,92.13],
[7,80.20],
[56,148.61],
[3,74.81],
[-3,68.98],
[3,75.52],
[3,103.54],
[170,127.31],
[25,49.51],
[4,112.64],
[19,91.78],
[104,26.48],
[-5,66.10],
[3,151.39],
[101,116.15],
[8,94.51],
[14,73.85],
[4,126.15],
[4,139.33],
[3,69.60],
[3,151.39],
[52,59.63],
[7,58.97],
[197,91.78],
[26,122.50],
[4,112.09],
[23,37.16],
[3,47.83],
[19,82.39],
[16,28.04],
[3,67.33],
[20,77.40],
[3,84.90],
[-4,90.99],
[4,9.27],
[31,36.74],
[6,43.78],
[3,80.18],
[4,82.39],
[-3,71.07],
[5,47.83],
[5,65.01],
[10,91.81],
[6,71.53],
[5,118.76],
[3,57.81],
[50,15.89],
[5,103.62],
[8,74.79],
[4,43.09],
[4,74.72],
[3,62.70],
[5,117.67],
[5,85.86],
[5,40.79],
[65,56.98],
[5,125.62],
[6,117.16],
[5,55.41],
[8,163.48],
[3,95.95],
[50,103.65],
[5,95.95],
[3,103.38],
[4,113.10],
[3,88.93],
[4,57.92],
[6,108.70],
[3,111.86],
[85,70.08],
[109,81.77],
[82,89.47],
[63,56.06],
[48,85.88],
[-11,41.72],
[4,80.78],
[3,75.99],
[30,66.35],
[13,53.71],
[58,1.10],
[16,84.77],
[4,71.29],
[9,52.05],
[273,95.00],
[20,51.39],
[11,41.73],
[125,0.43],
[-5,163.72],
[17,40.58],
[627,83.10],
[-13,52.02],
[5,90.38],
[52,45.82],
[6,76.50],
[5,102.62],
[-6,65.30],
[42,88.28],
[4,56.70],
[4,108.70],
[114,123.20],
[115,142.85],
[30,10.53],
[14,42.73],
[111,7.88],
[-12,94.30],
[16,34.00],
[-4,71.65],
[23,58.51],
[25,70.28],
[3,90.09],
[-12,88.00],
[146,66.80],
[4,95.95],
[5,41.55],
[477,32.91],
[-4,110.39],
[25,70.56],
[6,21.57],
[3,65.73],
[35,34.56],
[17,77.81],
[26,93.47],
[7,22.18],
[-15,18.86],
[60,103.54],
[40,98.31],
[3,52.22],
[2052,116.65],
[13,94.30],
[32,44.05],
[3,66.80],
[-13,81.07],
[30,92.56],
[64,93.58],
[60,64.77],
[-6,14.83],
[12,87.68],
[30,35.03],
[-6,42.86],
[469,39.87],
[876,37.90],
[68,69.33],
[24,108.27],
[4,45.00],
[17,48.96],
[916,111.07],
[35,109.05],
[1224,98.50],
[6,139.33],
[6,41.01],
[13,48.04],
[5,92.06],
[-15,80.59],
[2100,115.13],
[10,82.39],
[25,19.08],
[692,62.36],
[-3,124.34],
[-30,75.12],
[28,12.90],
[11,72.33],
[20,29.38],
[102,30.48],
[33,87.68],
[5,37.46],
[15,87.95],
[4,45.22],
[1479,18.74],
[118,95.67],
[5,35.03],
[13,56.02],
[528,27.21],
[35,55.73],
[-13,102.05],
[12,57.23],
[274,57.48],
[5,13.18],
[8,82.43],
[4,10.25],
[5,48.87],
[16,57.94],
[8,92.97],
[-33,100.24],
[8,42.87],
[132,62.11],
[3905,12.92],
[125,48.90],
[8,75.50],
[5,118.18],
[17,83.32],
[14,74.04],
[-7,69.16],
[329,54.98],
[3208,70.10],
[8,90.33],
[402,43.59],
[36,47.81],
[17,90.96],
[7,66.79],
[103,44.90],
[7,35.51],
[8,35.35],
[41,73.80],
[4,70.31],
[-3,163.72],
[327,69.79],
[9,76.50],
[4,69.02],
[26,48.55],
[5,89.09],
[176,53.72],
[-6,90.09],
[9,60.18],
[7,10.99],
[480,81.42],
[18,58.22],
[4,20.70],
[9,80.90],
[-8,139.33],
[83,10.00],
[-12,41.03],
[-5,72.51],
[13,65.98],
[33,70.08],
[9,40.79],
[-4,139.33],
[5,77.97],
[3,43.68],
[3,90.62],
[3,144.63],
[-4,77.11],
[56,57.94],
[5,151.00],
[46,78.87],
[7,60.71],
[3,107.55],
[54,49.81],
[3,95.00],
[-4,118.18],
[4,72.51],
[3,47.60],
[7,52.95],
[7,52.87],
[-3,80.90],
[6,46.07],
[3,81.35],
[4,95.00],
[33,42.55],
[13,51.86],
[21,67.88],
[73,69.81],
[-4,72.64],
[53,139.33],
[6,9.72],
[170,59.81],
[6,64.47],
[347,39.74],
[19,41.66],
[246,81.86],
[35,79.11],
[4,45.67],
[3,94.30],
[83,53.66],
[11,113.10],
[12,76.38],
[-38,42.41],
[27,40.84],
[7,97.00],
[3,59.75],
[14,88.48],
[154,23.43],
[927,95.03],
[4,-7.55],
[4,95.69],
[5,53.12],
[8,95.95],
[4,113.61],
[6,37.08],
[5,75.12],
[32,33.27],
[3,99.00],
[183,99.53],
[4,42.47],
[13,42.44],
[7,63.86],
[10,65.81],
[7,134.08],
[6,71.54],
[4,28.02],
[16,91.82],
[9,30.98],
[4,82.23],
[9,71.82],
[-17,83.32],
[-24,80.33],
[4,76.67],
[8,41.01],
[3,66.37],
[8,29.89],
[30,74.39],
[4,95.58],
[44,79.71],
[14,117.16],
[8,149.90],
[3,76.59],
[15,167.92],
[4,25.47],
[3,65.75],
[9,58.43],
[14,58.96],
[75,133.29],
[8,35.66],
[3,63.95],
[6,43.63],
[8,78.87],
[4,66.00],
[-18,90.93],
[3,87.87],
[56,86.71],
[-7,139.33],
[5,6.95],
[3,103.04],
[-5,181.62],
[-12,18.17],
[-10,52.05],
[-16,33.29],
[6,127.22],
[3,69.63],
[209,134.08],
[14,64.01],
[3,29.01],
[170,59.28],
[6,139.33],
[-6,109.09],
[3,66.65],
[4,57.72],
[66,42.75],
[-3,139.33],
[-9,79.81],
[9,75.69],
[3,46.61],
[24,26.81],
[62,76.59],
[5,103.62],
[3,36.86],
[3,113.16],
[3,113.10],
[-11,11.10],
[-5,139.33],
[55,122.50],
[17,18.05],
[9,78.81],
[-21,78.97],
[7,57.70],
[5,109.09],
[-4,139.33],
[57,71.58],
[3,53.89],
[17,150.70],
[4,11.59],
[17,130.77],
[-13,71.95],
[3,-5.81],
[3,70.34],
[-7,117.36],
[4,37.55],
[3,111.07],
[5,72.83],
[3,62.97],
[6,72.16],
[3,71.77],
[34,95.69],
[35,4.49],
[3,41.35],
[3,42.45],
[3,123.19],
[6,31.72],
[-7,139.33],
[7,63.58],
[3,52.87],
[-5,41.38],
[14,86.93],
[9,130.77],
[3,117.67],
[-6,67.91],
[21,127.22],
[5,84.92],
[3,47.39],
[3,61.14],
[-8,139.33],
[3,84.90],
[3,59.62],
[3,8.73],
[6,85.10],
[-5,54.71],
[4,135.27],
[3,59.19],
[-4,46.07],
[12,95.17],
[7,74.07],
[-5,93.58],
[5,51.49],
[260,63.76],
[3,74.04],
[9,73.78],
[4,47.78],
[5,40.61],
[-7,19.10],
[11,41.57],
[3,108.98],
[4,46.64],
[3,81.17],
[3,74.33],
[-7,68.09],
[43,103.54],
[8,110.06],
[-9,15.64],
[15,101.98],
[11,66.40],
[40,54.70],
[146,57.76],
[8,24.10],
[3,58.42],
[166,64.92],
[3,103.34],
[25,72.04],
[4,63.23],
[42,35.03],
[12,63.49],
[10,117.16],
[38,16.36],
[88,139.33],
[7,70.35],
[3,85.86],
[3,101.94],
[-6,13.10],
[4,88.00],
[31,55.95],
[9,44.98],
[4,75.85],
[5,92.63],
[4,112.09],
[11,46.07],
[5,92.06],
[9,92.97],
[4,83.25],
[-9,63.46],
[17,88.00],
[3,36.36],
[4,24.24],
[5,59.34],
[28,24.64],
[3,40.62],
[3,95.59],
[-3,139.33],
[4,55.22],
[-8,20.86],
[3,49.48],
[3,80.68],
[16,66.72],
[4,141.30],
[3,61.38],
[18,64.77],
[3,57.13],
[5,60.26],
[7,65.39],
[9,116.65],
[3,66.40],
[-3,61.24],
[10,83.01],
[5,20.58],
[9,55.62],
[8,94.56],
[7,62.68],
[4,83.75],
[11,39.88],
[6,41.05],
[3,40.49],
[89,90.54],
[4,134.08],
[3,49.31],
[4,36.41],
[-3,62.17],
[6,71.78],
[-8,70.08],
[3,68.10],
[18,86.71],
[22,88.00],
[3,84.64],
[437,153.54],
[33,52.27],
[9,53.88],
[331,102.53],
[8,41.85],
[24,117.67],
[56,59.07],
[10,26.25],
[10,49.54],
[-7,65.17],
[5,37.80],
[-12,60.31],
[6,83.25],
[-6,72.83],
[16,32.45],
[12,72.32],
[3,89.25],
[4,134.08],
[5,77.52],
[676,63.49],
[24,91.78],
[29,103.54],
[3,4.27],
[6,49.91],
[-8,49.81],
[6,66.64],
[11,98.88],
[5,74.84],
[3,4.87],
[-3,41.16],
[8,38.49],
[11,80.20],
[6,52.33],
[171,68.98],
[3,63.27],
[-14,70.85],
[110,40.29],
[19,43.55],
[10,53.64],
[7,83.01],
[138,89.73],
[4,59.07],
[126,65.30],
[5,64.59],
[11,77.81],
[19,38.49],
[4,1.39],
[-6,122.50],
[6,65.57],
[10,5.23],
[3,64.13],
[3,139.30],
[-9,89.47],
[-10,88.00],
[-8,92.38],
[4,64.40],
[-6,75.14],
[35,114.12],
[12,42.87],
[3,89.52],
[6,95.94],
[7,136.62],
[103,96.11],
[10,59.64],
[10,111.07],
[16,92.97],
[8,75.94],
[28,100.22],
[90,39.08],
[-14,84.18],
[-20,139.33],
[9,58.12],
[3,99.41],
[174,12.24],
[86,79.81],
[15,21.17],
[4,44.58],
[-11,76.27],
[-7,40.04],
[82,75.32],
[24,53.66],
[8,108.95],
[3,52.87],
[3,3.48],
[12,37.16],
[16,52.29],
[3,96.58],
[8,123.20],
[221,30.61],
[124,75.50],
[64,43.34],
[28,139.33],
[152,69.70],
[25,85.88],
[16,91.60],
[74,85.70],
[11,102.05],
[-5,54.11],
[29,23.18],
[55,46.61],
[3,85.14],
[105,63.61],
[15,28.71],
[31,36.57],
[20,121.37],
[3,29.56],
[10,28.54],
[3,86.88],
[40,51.48],
[68,55.40],
[8,-8.21],
[5,34.14],
[-3,43.77],
[46,54.94],
[-4,86.25],
[40,54.56],
[37,69.79],
[16,75.34],
[23,70.14],
[17,23.62],
[5,162.50],
[3,98.02],
[8,68.94],
[29,47.21],
[-9,15.67],
[42,84.15],
[5,71.58],
[137,103.04],
[-10,71.82],
[-14,139.33],
[65,86.42],
[36,84.84],
[20,45.87],
[-8,46.92],
[-23,3.74],
[-6,39.17],
[11,139.33],
[-17,21.19],
[3,4.31],
[35,54.73],
[8,70.32],
[5,104.06],
[3,38.01],
[-5,55.22],
[7,31.59],
[5,72.62],
[5,134.08],
[3,85.86],
[9,114.62],
[8,70.33],
[-5,87.95],
[38,15.45],
[9,33.19],
[-5,91.81],
[-5,34.83],
[5,113.10],
[-18,139.33],
[15,60.32],
[4,85.16],
[4,103.70],
[63,44.41],
[3,25.03],
[3,85.87],
[6,63.02],
[8,51.84],
[7,66.42],
[7,82.90],
[22,13.23],
[3,63.23],
[-9,135.27],
[8,54.27],
[-3,47.56],
[615,52.87],
[3,56.78],
[21,84.84],
[5,31.98],
[-3,139.33],
[11,87.68],
[-5,111.75],
[8,46.10],
[3,181.62],
[21,86.42],
[-5,84.84],
[-4,111.24],
[8,-1.70],
[-6,106.60],
[7,76.89],
[5,69.99],
[4,57.71],
[11,68.06],
[-5,66.37],
[5,102.62],
[7,82.93],
[5,78.63],
[-7,92.06],
[13,58.55],
[10,55.95],
[-4,151.39],
[3,116.15],
[4,41.74],
[3,90.82],
[-3,94.30],
[6,72.72],
[-4,69.17],
[-7,105.41],
[3,106.25],
[4,41.60],
[4,57.92],
[7,34.59],
[3,62.97],
[4,90.09],
[4,58.51],
[3,43.72],
[4,70.67],
[7,30.76],
[-3,65.12],
[6,41.30],
[4,66.53],
[9,101.61],
[3,83.38],
[-6,52.13],
[-3,56.53],
[4,83.75],
[7,80.78],
[3,45.13],
[4,75.10],
[747,103.01],
[122,66.63],
[407,45.38],
[33,120.61],
[1255,35.73],
[85,98.87],
[57,70.04],
[3,44.93],
[56,86.45],
[21,40.60],
[152,49.48],
[653,95.69],
[3,81.86],
[7,167.92],
[5,34.80],
[6,96.58],
[25,29.49],
[3,62.22],
[12,59.68],
[179,76.97],
[4,100.24],
[16,22.28],
[21,103.04],
[210,80.31],
[8,130.25],
[41,84.90],
[56,63.93],
[189,64.37],
[23,41.03],
[9,67.08],
[39,69.50],
[16,104.62],
[172,43.57],
[850,82.39],
[38,67.76],
[20,29.88],
[36,7.60],
[34,40.52],
[31,51.92],
[34,75.73],
[10,125.23],
[18,42.55],
[83,90.09],
[163,49.57],
[32,76.59],
[9,75.50],
[9,67.53],
[5,112.68],
[157,46.70],
[6,79.47],
[24,83.14],
[47,38.42],
[136,85.07],
[-8,55.35],
[3,92.06],
[-19,61.89],
[8,133.29],
[29,109.09],
[174,28.93],
[5,82.48],
[3,94.30],
[92,75.50],
[7,73.17],
[21,47.75],
[3,58.87],
[45,70.08],
[20,95.00],
[4,48.64],
[18,25.34],
[5,90.09],
[197,4.92],
[207,49.48],
[3,53.10],
[17,79.00],
[17,93.33],
[5,100.24],
[-14,88.71],
[575,142.85],
[-11,139.33],
[208,65.39],
[29,95.95],
[119,36.19],
[-9,70.63],
[3500,35.59],
[27,47.72],
[42,41.97],
[21,34.20],
[7,111.07],
[96,37.76],
[9,92.97],
[4,43.90],
[-6,93.58],
[17,74.27],
[6,50.56],
[16,142.85],
[119,80.10],
[3,95.00],
[4,61.33],
[8,62.85],
[-14,74.81],
[10,85.89],
[17,41.12],
[8,54.67],
[8,72.62],
[29,98.25],
[-6,43.33],
[33,22.65],
[4,84.90],
[9,21.78],
[12,71.07],
[6,78.81],
[3,99.00],
[42,82.39],
[-3,106.58],
[-10,-8.54],
[3,130.25],
[6,83.32],
[3,107.60],
[4,95.17],
[11,63.84],
[-5,52.86],
[489,57.94],
[27,66.72],
[26,68.43],
[65,63.61],
[64,57.23],
[4,75.50],
[3,99.28],
[6,76.69],
[-3,167.03],
[4,81.42],
[8,127.22],
[14,59.21],
[4,139.33],
[9,48.34],
[-18,23.54],
[-18,76.50],
[5,103.70],
[3,32.45],
[15,47.93],
[19,83.85],
[68,69.99],
[32,31.14],
[837,55.40],
[22,124.34],
[6,52.36],
[4,39.21],
[21,45.58],
[8,70.63],
[553,21.91],
[31,58.41],
[32,49.48],
[32,56.98],
[126,45.51],
[5,59.75],
[27,50.62],
[7,81.24],
[44,73.85],
[8,30.52],
[5,57.11],
[105,66.53],
[10,86.88],
[3,110.82],
[28,-1.15],
[6,75.50],
[16,49.48],
[5,70.51],
[49,52.85],
[25,28.67],
[-17,57.07],
[112,102.05],
[-5,34.33],
[3,59.83],
[24,45.53],
[-9,97.03],
[7,60.48],
[-7,105.36],
[12,75.43],
[-7,30.79],
[40,74.27],
[77,105.41],
[3,66.68],
[5,51.03],
[18,122.50],
[-6,139.33],
[-13,130.77],
[86,62.36],
[4,47.79],
[3,57.77],
[5,55.18],
[10,86.42],
[4,117.16],
[97,89.18],
[4,58.97],
[-9,39.76],
[-3,56.70],
[-7,58.28],
[-11,90.96],
[3,65.31],
[4,93.58],
[94,60.51],
[16,74.27],
[18,117.16],
[11,102.05],
[6,96.02],
[3,74.28],
[4,91.78],
[-10,56.01],
[-4,47.19],
[-4,110.75],
[13,84.42],
[53,49.13],
[281,36.58],
[8,102.05],
[11,15.26],
[13,84.90],
[-10,86.42],
[-4,79.89],
[15,161.49],
[3,58.22],
[5,94.30],
[3,66.37],
[8,81.35],
[5,99.41],
[27,60.65],
[-4,96.02],
[3,112.76],
[-21,93.54],
[210,24.42],
[35,107.07],
[18,28.01],
[70,64.90],
[62,116.15],
[3,91.78],
[8,63.86],
[4,51.16],
[288,42.59],
[7,51.62],
[4,85.02],
[29,64.42],
[128,108.83],
[-3,59.16],
[-20,44.56],
[16,16.44],
[-9,59.75],
[5,74.98],
[-10,36.95],
[79,62.50],
[35,72.27],
[6,48.64],
[3,48.69],
[4,45.70],
[26,66.72],
[7,32.82],
[15,87.28],
[-24,51.84],
[-6,64.08],
[3,50.57],
[23,79.76],
[8,75.41],
[-10,31.78],
[3,53.86],
[-3,60.71],
[-12,80.78],
[3,204.81],
[4,53.89],
[-6,55.40],
[-8,37.14],
[-7,95.17],
[3,59.83],
[8,94.30],
[4,54.89],
[3,14.67],
[3,160.48],
[4,66.53],
[-13,47.73],
[13,44.12],
[104,139.33],
[-10,57.47],
[-11,54.32],
[33,66.40],
[4,67.16],
[10,122.15],
[4,-4.54],
[3,91.60],
[-13,139.33],
[7,128.65],
[11,45.19],
[203,38.13],
[22,42.22],
[-3,145.84],
[6,119.63],
[-5,95.17],
[3,42.71],
[6,21.47],
[3,113.10],
[6,78.79],
[206,65.56],
[6,21.73],
[18,64.62],
[-5,40.30],
[18,109.10],
[4,53.09],
[3,100.24],
[21,82.48],
[3,48.25],
[5,69.79],
[95,73.66],
[3,70.63],
[-4,121.47],
[-3,80.31],
[9,64.92],
[-3,68.45],
[11,67.44],
[3,130.25],
[8,72.32],
[11,43.74],
[10,57.99],
[3,77.11],
[-6,81.86],
[57,45.16],
[8,64.30],
[3,86.25],
[-7,109.09],
[3,60.63],
[3,128.56],
[83,66.87],
[31,-5.91],
[14,103.62],
[44,36.86],
[6,61.40],
[6,92.97],
[32,58.51],
[2595,87.95],
[4,130.77],
[-4,139.33],
[3,99.02],
[9,95.94],
[5,41.48],
[215,51.87],
[6,62.38],
[695,199.73],
[130,87.41],
[269,86.33],
[35,71.82],
[4,89.24],
[10,45.38],
[3,29.15],
[4111,37.79],
[53,139.33],
[4,65.57],
[3273,90.33],
[511,94.32],
[9,17.22],
[4,76.83],
[7,90.96],
[793,66.80],
[129,51.79],
[4,83.09],
[4,116.65],
[-6,54.19],
[3,102.53],
[36,57.35],
[203,50.40],
[5,103.70],
[5,95.69],
[6,-0.08],
[55,31.11],
[9,31.56],
[23,62.13],
[3,81.42],
[120,103.62],
[14,20.10],
[4,115.13],
[3386,108.70],
[199,80.20],
[5,24.10],
[5,112.09],
[10,66.34],
[393,82.41],
[44,89.52],
[6,109.10],
[3,38.43],
[4,62.38],
[3,66.88],
[15,118.51],
[3,118.18],
[15,60.18],
[14,104.06],
[7,60.96],
[3,42.45],
[-5,139.33],
[-7,50.59],
[5,106.60],
[90,18.72],
[6,39.99],
[4,103.70],
[3,67.33],
[3,66.63],
[3,48.66],
[-21,80.78],
[6,70.82],
[11,69.79],
[9,45.50],
[3,49.48],
[4,50.23],
[7,68.07],
[10,34.54],
[9,105.26],
[8,65.30],
[9,199.73],
[5,84.45],
[3,136.62],
[4,36.21],
[3,90.96],
[10,31.09],
[7,112.09],
[3,87.68],
[327,80.79],
[17,46.94],
[5,134.08],
[3,131.90],
[4,89.52],
[3,167.03],
[4,53.66],
[5,15.13],
[6,77.91],
[22,36.46],
[3,30.77],
[-8,70.08],
[-17,156.42],
[3,60.71],
[44,73.33],
[-11,63.49],
[-3,28.75],
[3,18.69],
[3,66.42],
[4,45.53],
[7,30.69],
[6,117.67],
[3,57.10],
[3,103.38],
[3,37.05],
[3,181.62],
[4,-3.44],
[3,83.25],
[18,86.56],
[-7,52.82],
[-7,56.93],
[4,48.82],
[3,183.66],
[-6,88.73],
[3,45.26],
[9,111.75],
[4,71.78],
[4,108.83],
[5,45.07],
[-27,42.41],
[43,43.01],
[3,60.19],
[6,64.92],
[9,3.54],
[3,54.84],
[3,68.83],
[3,84.45],
[4,81.86],
[8,83.32],
[5,70.08],
[3,111.07],
[10,103.04],
[8,50.43],
[7,81.86],
[16,76.55],
[4,116.65],
[3,130.77],
[5,144.35],
[6,109.13],
[15,61.33],
[3,100.27],
[12,57.72],
[3,116.65],
[3,78.25],
[5,78.41],
[4,118.18],
[4,40.31],
[-6,24.06],
[36,70.82],
[2653,22.45],
[-5,80.20],
[3,113.61],
[-6,90.09],
[-7,36.36],
[14,86.62],
[-7,90.38],
[3,147.39],
[3,73.57],
[-4,77.67],
[4,128.75],
[40,85.16],
[5,63.76],
[-6,30.50],
[3,78.81],
[-4,139.33],
[47,85.10],
[-20,136.47],
[4,49.09],
[5,93.33],
[-21,136.47],
[3,109.13],
[3,95.69],
[22,38.97],
[9,63.86],
[6,139.33],
[10,73.17],
[9,76.13],
[-8,48.66],
[3,29.26],
[3,76.28],
[25,81.86],
[11,84.90],
[3,103.04],
[5,117.67],
[20,71.77],
[4,127.07],
[3,127.22],
[3,54.55],
[3,68.98],
[3,47.75],
[17,28.05],
[9,56.17],
[-4,73.25],
[3,90.38],
[10,151.00],
[3,95.94],
[-6,102.62],
[4,59.90],
[6,78.77],
[3,127.22],
[5,49.54],
[7,94.30],
[5,118.76],
[-9,43.36],
[3,78.20],
[7,46.93],
[5,98.87],
[4,161.49],
[42,63.49],
[14,88.73],
[5,58.22],
[-3,139.33],
[5,33.20],
[16,109.04],
[12,60.96],
[3,86.45],
[4,55.77],
[4,60.71],
[5,109.13],
[11,61.71],
[5,70.80],
[23,80.83],
[22,54.28],
[3,58.17],
[4,106.53],
[7,24.52],
[-3,84.92],
[-6,54.28],
[12,66.79],
[5,136.62],
[4,92.97],
[6,134.08],
[3,114.12],
[14,111.07],
[6,125.23],
[7,96.11],
[4,107.60],
[-3,74.02],
[13,52.87],
[-13,116.15],
[3,63.58],
[4,90.33],
[5,120.55],
[5,40.89],
[3,183.66],
[4,117.16],
[3,139.33],
[4,79.17],
[3,57.07],
[-6,78.20],
[4,127.22],
[6,53.58],
[3,187.38],
[4,82.39],
[-8,61.27],
[6,95.69],
[-6,61.40],
[3,128.44],
[5,38.86],
[5,161.49],
[3,71.48],
[4,52.48],
[4,73.17],
[3,88.82],
[5,50.39],
[4,102.05],
[38,59.63],
[12,66.19],
[-6,65.57],
[12,97.83],
[3,76.28],
[10,46.84],
[4,28.34],
[4,39.53],
[3,68.07],
[3,46.95],
[3,17.67],
[-5,29.92],
[6,78.81],
[3,95.17],
[-3,67.26],
[3,47.12],
[4,26.68],
[4,46.08],
[3,13.70],
[3,46.25],
[3,69.81],
[19,26.98],
[3,77.68],
[724,89.52],
[516,81.14],
[1027,87.95],
[1150,109.10],
[2424,49.48],
[260,90.99],
[177,83.75],
[103,53.12],
[39,97.03],
[32,65.56],
[328,99.53],
[158,113.93],
[123,44.15],
[47,39.29],
[378,36.56],
[18,95.00],
[103,37.38],
[49,71.77],
[22,102.78],
[11,103.70],
[10,84.90],
[47,88.00],
[18,41.61],
[9,82.39],
[31,11.33],
[15,74.27],
[15,69.50],
[7,84.92],
[19,76.82],
[17,85.89],
[12,41.45],
[5,71.82],
[12,103.04],
[8,97.70],
[10,47.43],
[4,89.59],
[4,102.78],
[4,113.10],
[4,98.38],
[4,26.22],
[9,106.60],
[9,48.47],
[4,103.04],
[4,74.79],
[3,113.10],
[3,135.27],
[3,110.82],
[3,27.22],
[3,70.51],
[3,73.78],
[4,29.18],
[3,127.22],
[3,105.09],
[3,83.32],
[3,63.19],
[4,115.13],
[3,23.16],
[11,43.84],
[9,68.58],
[8,80.47],
[5,66.74],
[6,89.68],
[5,71.28],
[4,147.39],
[3,103.34],
[4,92.86],
[3,93.33],
[3,17.16],
[3,70.08],
[3,62.84],
[7,52.59],
[3,167.92],
[3,107.22],
[4,108.96],
[4,84.45],
[4,72.81],
[3,64.92],
[5,69.40],
[3,45.56],
[4,144.04],
[3,53.71],
[3,117.16],
[3,60.03],
[-3,109.47],
[-13,58.36],
[-4,124.69],
[-4,75.14],
[-21,139.33],
[296,27.60],
[10,59.21],
[6,10.39],
[34,19.69],
[16,37.98],
[3,151.00],
[9,25.28],
[30,-6.93],
[9,66.40],
[5,86.60],
[8,61.89],
[6,53.50],
[4,36.79],
[3,114.12],
[6,42.76],
[5,62.38],
[4,139.33],
[3,30.48],
[-5,50.47],
[195,57.56],
[78,79.76],
[23,68.94],
[20,17.49],
[21,56.97],
[82,87.95],
[34,91.43],
[53,33.58],
[137,118.18],
[20,84.15],
[9,94.99],
[29,139.33],
[5,97.03],
[3,46.14],
[7,49.48],
[17,93.15],
[8,64.92],
[6,77.61],
[4,62.05],
[3,27.54],
[-7,74.81],
[-6,139.33],
[-9,88.54],
[-8,47.56],
[108,60.23],
[210,74.68],
[31,13.03],
[36,39.18],
[16,108.98],
[14,108.98],
[38,58.38],
[5,40.83],
[6,132.03],
[16,54.82],
[5,71.32],
[5,43.50],
[5,13.05],
[4,62.10],
[4,103.38],
[4,54.80],
[5,12.74],
[4,35.95],
[4,31.11],
[4,51.16],
[18,36.41],
[3,108.70],
[4,9.55],
[4,81.42],
[44,19.09],
[85,108.27],
[20,70.85],
[10,11.13],
[48,167.92],
[69,128.65],
[13,100.24],
[31,119.53],
[28,130.25],
[5,66.53],
[3,160.48],
[-32,26.92],
[3,14.55],
[-9,56.53],
[-5,41.24],
[-21,51.50],
[-8,125.62],
[-3,160.48],
[-10,122.15],
[-8,78.81],
[-3,142.85],
[-27,43.13],
[-14,95.69],
[-25,97.00],
[-6,63.86],
[-8,71.14],
[-6,82.43],
[-4,69.30],
[-8,105.09],
[97,58.60],
[61,23.28],
[18,57.13],
[9,65.28],
[3,80.09],
[11,36.46],
[-15,58.11],
[-3,39.01],
[-5,77.85],
[-4,55.22],
[-9,40.94],
[-6,60.71],
[-16,83.75],
[74,41.35],
[37,88.04],
[22,54.80],
[11,96.02],
[29,88.00],
[10,74.86],
[14,92.54],
[4,-2.43],
[3,48.58],
[4,92.97],
[9,14.83],
[3,82.39],
[3,54.01],
[-4,46.61],
[42,66.83],
[28,43.55],
[10,57.57],
[17,59.36],
[4,72.32],
[3,30.69],
[128,108.27],
[50,115.13],
[20,51.28],
[53,47.96],
[13,48.24],
[46,78.95],
[7,92.97],
[24,57.07],
[12,62.17],
[17,113.10],
[11,101.15],
[10,53.66],
[4,57.79],
[4,105.88],
[4,57.07],
[4,59.63],
[5,6.86],
[3,102.78],
[3,84.45],
[-5,100.24],
[-11,52.26],
[-4,101.98],
[-21,86.71],
[-9,61.75],
[158,39.56],
[45,54.44],
[10,116.48],
[46,139.33],
[12,139.33],
[31,83.32],
[35,139.33],
[8,8.72],
[9,139.33],
[3,51.60],
[6,62.96],
[4,103.62],
[5,70.08],
[3,36.77],
[-6,75.98],
[-5,135.27],
[41,32.42],
[67,31.61],
[200,64.68],
[111,43.73],
[6,57.04],
[6,78.87],
[32,78.59],
[30,76.97],
[5,32.56],
[21,110.06],
[31,34.50],
[3,129.00],
[3,73.17],
[3,130.77],
[3,96.11],
[3,57.00],
[3,118.18],
[46,44.23],
[11,129.00],
[5,89.24],
[5,130.77],
[8,60.01],
[3,6.62],
[3,130.77],
[3,59.15],
[5,48.91],
[3,125.62],
[-4,57.23],
[-4,46.92],
[58,92.77],
[16,87.27],
[3,61.99],
[10,93.47],
[3,74.03],
[-4,23.55],
[5,11.45],
[4,59.53],
[3,39.74],
[3,33.07],
[-5,60.84],
[85,114.12],
[7,109.13],
[9,78.81],
[10,73.75],
[7,84.81],
[10,123.56],
[14,81.65],
[12,87.95],
[-8,38.49],
[-14,78.25],
[-16,56.97],
[-12,77.91],
[-20,51.73],
[-7,68.38],
[30,45.70],
[38,26.22],
[5,52.58],
[-4,112.88],
[-9,111.07],
[-10,43.34],
[-21,65.73],
[-5,64.67],
[65,51.56],
[136,61.24],
[76,52.13],
[45,115.55],
[15,65.50],
[14,38.83],
[28,57.07],
[7,98.25],
[7,80.19],
[9,32.32],
[4,45.65],
[9,71.77],
[8,58.36],
[4,95.17],
[5,110.56],
[18,48.47],
[4,47.37],
[3,116.15],
[4,69.90],
[4,92.94],
[84,53.09],
[62,72.75],
[19,49.54],
[3,19.52],
[9,130.77],
[8,65.78],
[4,89.47],
[-6,139.33],
[-6,41.02],
[-38,139.33],
[-47,55.05],
[-6,118.18],
[13,26.81],
[40,29.18],
[13,69.50],
[-3,45.70],
[-10,65.56],
[-6,100.24],
[-4,68.52],
[-12,53.66],
[-15,119.19],
[-7,50.15],
[-3,109.13],
[-3,43.01],
[-4,68.52],
[-5,49.54],
[63,97.22],
[23,57.94],
[5,52.31],
[4,98.87],
[13,46.00],
[3,26.41],
[3,115.13],
[3,95.95],
[9,59.07],
[4,54.87],
[4,93.47],
[5,77.10],
[24,79.89],
[19,84.45],
[3,77.37],
[-21,124.69],
[-48,124.69],
[-21,53.57],
[18,124.16],
[45,93.58],
[46,90.96],
[4,63.49],
[5,59.21],
[59,65.10],
[5,102.27],
[6,109.13],
[4,63.50],
],
