["Score", "Readability"],
[5,25.19],
[29,69.13],
[7,73.29],
[65,57.61],
[143,40.46],
[19,48.29],
[6,43.65],
[14,29.78],
[112,54.44],
[8,50.03],
[8,46.25],
[15,51.24],
[35,53.24],
[513,55.03],
[65,46.07],
[6,53.25],
[30,48.80],
[17,51.32],
[19,51.46],
[40,39.87],
[4,47.85],
[3,71.82],
[6,59.75],
[20,63.01],
[56,71.53],
[5,53.95],
[6,56.88],
[4,51.03],
[31,43.69],
[3,57.83],
[7,58.32],
[5,52.50],
[19,71.87],
[3,44.56],
[4,58.40],
[42,66.77],
[13,54.21],
[21,45.11],
[9,65.35],
[9,58.88],
[13,58.58],
[3,98.87],
[43,137.36],
[3,102.62],
[11,116.15],
[6,111.33],
[7,161.49],
[4,112.43],
[5,111.13],
[6,139.33],
[13,139.33],
[3,170.46],
[4,122.15],
[15,154.94],
[3,58.85],
[3,63.58],
[7,43.75],
[235,57.08],
[9,40.42],
[60,48.41],
[10,26.78],
[3,31.04],
[37,46.13],
[68,93.44],
[4,64.00],
[5,55.46],
[8,104.82],
[6,19.62],
[15,57.75],
[5,51.95],
[16,44.36],
[30,47.05],
[3,70.34],
[3,23.34],
[5,60.57],
[8,61.82],
[8,102.62],
[56,42.04],
[13,52.27],
[4,57.51],
[3,50.75],
[3,32.58],
[120,53.48],
[4,59.75],
[33,72.10],
[4,55.06],
[3,61.30],
[30,66.99],
[3,80.07],
[5,51.39],
[3,147.39],
[3,47.92],
[3,108.96],
[27,54.22],
[3,118.18],
[9,56.16],
[5,75.30],
[8,132.03],
[8,68.40],
[6,59.16],
[6,57.79],
[24,63.48],
[4,139.33],
[6,44.07],
[6,60.61],
[3,73.11],
[14,46.57],
[4,42.95],
[3,58.36],
[3,40.50],
[3,72.20],
[11,45.94],
[6,57.55],
[5,58.04],
[8,48.64],
[202,45.67],
[37,66.91],
[4,66.29],
[7,79.90],
[10,36.33],
[4,61.93],
[7,60.65],
[5,76.13],
[4,63.45],
[20,53.30],
[3,139.33],
[12,69.93],
[8,60.78],
[45,61.52],
[29,41.35],
[13,62.16],
[12,51.96],
[18,50.57],
[14,61.26],
[3,66.79],
[4,80.49],
[5,47.61],
[6,85.85],
[12,48.11],
[28,43.73],
[4,59.43],
[5,64.07],
[5,67.18],
[4,74.15],
[40,63.64],
[5,74.86],
[3,56.64],
[3,139.33],
[4,81.11],
[108,60.89],
[4,69.27],
[10,47.35],
[5,29.21],
[6,42.80],
[44,68.16],
[10,60.39],
[23,58.19],
[29,58.56],
[12,62.46],
[13,50.29],
[3,60.71],
[3,52.13],
[7,72.31],
[8,53.09],
[3,59.72],
[8,53.67],
[4,47.36],
[14,68.49],
[3,56.33],
[4,72.93],
[12,63.84],
[13,55.99],
[8,61.40],
[45,58.69],
[18,53.79],
[13,38.98],
[13,51.31],
[4,47.69],
[23,27.18],
[4,49.16],
[12,44.31],
[5,49.47],
[11,41.56],
[15,60.25],
[4,53.36],
[3,46.99],
[249,55.51],
[228,74.00],
[35,57.24],
[3,70.32],
[3,52.51],
[3,49.89],
[14,56.23],
[4,53.97],
[3,60.36],
[7,54.24],
[35,33.44],
[27,61.30],
[14,58.95],
[6,61.60],
[5,49.47],
[4,44.72],
[4,49.20],
[63,85.57],
[26,139.33],
[15,41.35],
[7,42.10],
[371,57.33],
[10,34.82],
[58,46.37],
[4,42.20],
[21,63.02],
[11,68.34],
[3,63.98],
[9,66.21],
[222,69.46],
[25,59.30],
[10,55.14],
[22,61.49],
[25,64.52],
[103,62.85],
[6,73.24],
[95,63.17],
[21,58.60],
[4,71.45],
[20,139.33],
[7,57.44],
[46,37.10],
[4,61.61],
[31,54.03],
[19,49.49],
[4,56.63],
[18,59.92],
[4,83.75],
[3,64.73],
[7,50.98],
[12,61.02],
[5,82.39],
[16,65.79],
[4,55.30],
[4,69.97],
[29,139.33],
[9,69.99],
[4,72.36],
[3,73.56],
[40,139.33],
[3,65.70],
[51,30.13],
[7,69.89],
[19,54.08],
[6,33.54],
[7,57.62],
[4,40.33],
[3,81.02],
[12,73.90],
[308,50.36],
[10,40.20],
[4,95.28],
[26,62.47],
[3,48.27],
[4,87.07],
[8,50.55],
[39,62.09],
[4,69.85],
[11,56.97],
[4,41.96],
[55,59.41],
[12,55.96],
[4,61.54],
[7,57.84],
[3,42.95],
[3,60.78],
[42,44.20],
[4,51.67],
[5,53.88],
[4,50.26],
[4,56.53],
[3,60.76],
[13,37.32],
[4,67.90],
[6,38.14],
[10,48.47],
[8,51.44],
[4,58.09],
[3,57.73],
[6,53.16],
[16,68.97],
[19,55.44],
[6,55.83],
[33,40.33],
[3,50.21],
[5,60.53],
[4,62.67],
[5,89.50],
[3,40.52],
[4,51.89],
[4,78.52],
[11,58.03],
[6,63.88],
[15,63.67],
[5,52.26],
[3,40.94],
[7,59.19],
[8,58.43],
[3,63.50],
[26,51.81],
[4,42.97],
[4,43.94],
[3,48.78],
[3,76.52],
[3,39.74],
[4,47.51],
[6,80.22],
[3,60.63],
[3,53.52],
[13,50.60],
[5,65.07],
[14,54.67],
[4,56.37],
[3,61.35],
[3,50.76],
[36,-9.00],
[29,16.21],
[24,30.02],
[19,181.62],
[11,25.79],
[20,26.93],
[5,76.45],
[8,39.35],
[9,144.35],
[4,46.33],
[4,13.85],
[5,129.40],
[4,103.54],
[4,48.78],
[3,59.28],
[3,-5.62],
[3,108.27],
[3,-3.16],
[3,-8.43],
[273,51.69],
[87,60.80],
[24,47.87],
[45,64.38],
[19,53.75],
[9,50.70],
[7,48.34],
[6,51.82],
[5,18.42],
[5,43.65],
[3,57.34],
[331,57.05],
[94,52.26],
[17,50.16],
[10,44.71],
[23,49.35],
[7,47.61],
[6,58.03],
[5,62.22],
[4,42.90],
[3,56.11],
[4,51.75],
[3,64.24],
[-4,139.33],
[179,61.59],
[44,55.58],
[42,65.07],
[9,73.82],
[6,66.75],
[6,61.89],
[5,40.43],
[118,60.33],
[22,46.29],
[35,63.17],
[10,82.05],
[7,57.84],
[-3,127.22],
[161,50.35],
[47,65.58],
[31,54.56],
[14,64.89],
[12,44.79],
[7,43.44],
[8,49.04],
[6,36.01],
[5,45.36],
[14,57.94],
[7,65.30],
[4,139.33],
[3,61.23],
[3,43.10],
[3,52.12],
[3,51.35],
[3,49.95],
[3,46.14],
[51,43.12],
[12,139.33],
[5,47.32],
[4,51.05],
[5,59.46],
[3,139.33],
[50,48.17],
[9,47.76],
[19,170.46],
[31,36.46],
[42,56.06],
[9,66.24],
[14,33.60],
[6,22.45],
[6,42.99],
[4,139.33],
[32,52.17],
[4,58.17],
[39,51.45],
[11,53.91],
[9,53.72],
[5,55.43],
[63,51.27],
[69,77.15],
[11,74.81],
[11,65.58],
[6,58.05],
[3,69.90],
[48,52.87],
[3,55.87],
[37,63.08],
[8,61.99],
[3,70.01],
[52,46.01],
[54,54.63],
[17,63.77],
[17,66.10],
[5,72.62],
[5,53.31],
[38,59.70],
[4,57.22],
[30,66.15],
[10,69.67],
[8,69.77],
[8,70.82],
[5,69.96],
[5,67.79],
[4,59.54],
[4,68.59],
[4,31.15],
[5,57.90],
[4,52.06],
[3,79.09],
[4,66.86],
[3,78.03],
[4,69.37],
[4,72.95],
[3,71.11],
[3,58.90],
[7,68.66],
[29,72.38],
[16,45.99],
[3,55.20],
