["Score", "Readability"],
[7,62.97],
[21,13.84],
[5,76.93],
[4,59.80],
[7,45.25],
[3,47.04],
[8,40.20],
[3,50.60],
[4,73.54],
[3,40.08],
[20,6.39],
[10,48.93],
[3,95.69],
[3,51.23],
[3,56.25],
[14,60.17],
[3,71.40],
[3,85.03],
[4,25.68],
[4,19.97],
[5,74.52],
[7,74.52],
[-3,75.37],
[4,55.13],
[4,41.48],
[13,55.35],
[15,55.35],
[6,53.26],
[4,1.26],
[29,84.67],
[30,84.67],
[3,71.96],
[3,45.58],
[3,44.10],
[4,55.43],
[3,44.35],
[3,65.34],
[28,63.71],
[30,63.71],
[4,77.14],
[3,47.29],
[4,45.24],
[-5,60.83],
[-7,60.83],
[3,67.43],
[4,67.43],
[5,46.26],
[3,64.22],
[14,44.17],
[5,139.33],
[3,59.38],
[7,33.20],
[7,5.45],
[3,81.32],
[4,75.32],
[3,34.43],
[5,1.14],
[6,55.27],
[4,71.82],
[6,71.82],
[5,59.06],
[3,49.79],
[3,44.15],
[3,47.81],
[3,61.18],
[6,82.41],
[9,74.40],
[4,102.05],
[4,114.12],
[10,74.50],
[3,81.62],
[9,36.78],
[4,63.61],
[5,73.78],
[6,61.70],
[5,51.46],
[18,-8.01],
[8,44.30],
[4,52.33],
[4,63.49],
[3,63.93],
[7,54.31],
[3,32.34],
[7,72.14],
[12,39.92],
[17,66.68],
[3,48.83],
[3,23.52],
[4,55.22],
[7,61.08],
[3,51.80],
[8,86.18],
[4,50.27],
[4,69.24],
[130,69.15],
[6,133.29],
[84,53.39],
[4,86.42],
[4,42.60],
[15,67.26],
[3,49.44],
[24,115.13],
[49,54.18],
[3,117.84],
[17,88.91],
[3,72.91],
[3,65.66],
[5,46.94],
[3,57.39],
[4,125.62],
[3,120.26],
[8,65.41],
[4,67.74],
[4,80.31],
[13,38.41],
[5,93.70],
[18,64.80],
[4,59.11],
[4,48.53],
[4,35.27],
[9,84.46],
[4,73.85],
[4,72.52],
[3,63.09],
[7,58.41],
[3,37.20],
[7,65.73],
[3,98.19],
[4,48.66],
[4,51.36],
[7,16.19],
[3,117.67],
[6,62.97],
[13,70.08],
[5,99.00],
[13,71.82],
[6,8.29],
[12,64.92],
[11,52.00],
[3,60.84],
[8,80.07],
[4,48.64],
[3,85.86],
[3,110.82],
[33,55.18],
[15,73.85],
[6,45.58],
[4,27.13],
[5,41.85],
[7,68.92],
[3,70.05],
[3,54.65],
[3,70.03],
[8,126.44],
[4,64.37],
[23,124.07],
[4,22.11],
[3,56.25],
[3,88.81],
[5,51.92],
[6,41.12],
[5,34.08],
[3,66.54],
[9,77.74],
[6,73.42],
[10,64.21],
[3,44.04],
[7,52.48],
[3,89.61],
[7,78.82],
[4,31.44],
[6,85.03],
[5,55.75],
[3,16.13],
[68,75.32],
[22,66.27],
[22,100.24],
[6,63.60],
[6,46.49],
[3,51.33],
[3,133.29],
[5,75.42],
[3,70.51],
[4,42.55],
[3,133.29],
[17,84.90],
[9,55.40],
[11,111.46],
[6,64.62],
[3,99.23],
[-3,67.76],
[19,78.83],
[16,70.08],
[12,57.93],
[4,55.39],
[-4,111.07],
[3,58.18],
[3,57.23],
[3,38.44],
[11,59.38],
[7,55.09],
[9,72.07],
[11,54.82],
[6,50.07],
[5,48.10],
[3,55.03],
[-3,59.92],
[8,40.56],
[6,54.39],
[4,78.20],
[3,57.31],
[3,57.97],
[4,86.91],
[3,83.32],
[3,97.03],
[14,79.94],
[4,84.17],
[6,97.03],
[3,57.22],
[4,73.43],
[5,67.58],
[4,59.01],
[4,51.01],
[5,107.31],
[3,28.93],
